duration_s,active,3V7_WL_SW_A current(0),3V3_SYS_A current(1),1V8_SYS_A current(2),DDR_VDD2_A current(3),DDR_VDDQ_A current(4),1V1_SYS_A current(5),0V8_SW_A current(6),VDD_CORE_A current(7),3V3_DAC_A current(17),3V3_ADC_A current(18),0V8_AON_A current(16),HDMI_A current(22),3V7_WL_SW_V volt(8),3V3_SYS_V volt(9),1V8_SYS_V volt(10),DDR_VDD2_V volt(11),DDR_VDDQ_V volt(12),1V1_SYS_V volt(13),0V8_SW_V volt(14),VDD_CORE_V volt(15),3V3_DAC_V volt(20),3V3_ADC_V volt(21),0V8_AON_V volt(19),HDMI_V volt(23),EXT5V_V volt(24),BATT_V volt(25)
0.000001,0,0.000000,0.201042,0.147365,0.000000,0.000000,0.179571,0.277164,0.535800,0.000183,0.000672,0.003175,0.017582,3.711840,3.292402,1.796335,1.101464,0.614651,1.104394,0.800365,0.749181,3.305857,3.300363,0.798241,4.924500,4.935220,0.004274
0.200061,0,0.000000,0.200066,0.144438,0.000000,0.000000,0.177619,0.279116,0.535800,0.000244,0.000549,0.003236,0.016728,3.719264,3.291474,1.797312,1.102197,0.615018,1.105127,0.800732,0.749987,3.305857,3.300363,0.797948,4.925840,4.937900,0.004274
0.400065,0,0.000000,0.196162,0.146390,0.000000,0.000000,0.178595,0.281068,0.535800,0.000061,0.000427,0.003175,0.016606,3.711840,3.292402,1.796824,1.106226,0.616117,1.102197,0.799633,0.749181,3.305857,3.299447,0.797948,4.925840,4.936560,0.004274
0.489462,1,0.000000,0.194210,0.145414,0.000000,0.000000,0.178595,0.283020,0.535800,0.000244,0.000549,0.003236,0.016606,3.703488,3.311889,1.797312,1.108424,0.606959,1.102929,0.800732,0.749718,3.305857,3.299447,0.797948,4.925840,4.936560,0.004274
0.800057,1,0.000000,0.197138,0.145414,0.000000,0.000000,0.178595,0.280092,0.544730,0.000061,0.000672,0.003236,0.016606,3.703488,3.298898,1.796824,1.104028,0.602564,1.102929,0.800732,0.748644,3.304942,3.300363,0.797948,4.925840,4.940580,0.004274
1.000056,1,0.000000,0.194210,0.145414,0.000000,0.000000,0.187379,0.281068,0.535800,0.000305,0.000672,0.003114,0.016239,3.710912,3.298898,1.796824,1.107691,0.616483,1.104028,0.800732,0.749718,3.304026,3.299447,0.797948,4.924500,4.935220,0.004274
1.200059,1,0.000000,0.194210,0.143462,0.000000,0.000000,0.177619,0.279116,0.535800,0.000183,0.000672,0.003175,0.016606,3.711840,3.301682,1.797312,1.101830,0.616117,1.100732,0.800732,0.749181,3.304942,3.299447,0.797948,4.925840,4.936560,0.004274
1.400059,1,0.000000,0.202993,0.147365,0.000000,0.000000,0.177619,0.280092,0.535800,0.000061,0.000672,0.003297,0.016606,3.711840,3.301682,1.798289,1.104028,0.616117,1.101464,0.800365,0.749450,3.304026,3.299447,0.797948,4.925840,4.935220,0.004274
1.600056,1,0.000000,0.196162,0.146390,0.000000,0.000000,0.178595,0.280092,0.526870,0.000183,0.000427,0.003175,0.016484,3.719264,3.298898,1.797312,1.109889,0.615750,1.101464,0.800732,0.749450,3.305857,3.302194,0.798241,4.923160,4.935220,0.004274
1.800057,1,0.000000,0.199090,0.146390,0.000000,0.000000,0.180547,0.279116,0.535800,0.000061,0.000427,0.003175,0.016484,3.719264,3.301682,1.795847,1.101464,0.605860,1.105494,0.798900,0.748913,3.304942,3.300363,0.797948,4.925840,4.931200,0.003419
2.000058,1,0.000000,0.196162,0.146390,0.000000,0.000000,0.178595,0.281068,0.535800,0.000305,0.000549,0.003419,0.016484,3.699776,3.294258,1.796824,1.107691,0.613186,1.102929,0.801464,0.749450,3.304026,3.299447,0.797948,4.927180,4.939240,0.003419
2.200058,1,0.000000,0.198114,0.146390,0.000000,0.000000,0.177619,0.281068,0.535800,0.000305,0.000427,0.003358,0.017094,3.711840,3.293330,1.795847,1.103296,0.617216,1.100732,0.800732,0.751062,3.304942,3.299447,0.797948,4.925840,4.936560,0.004274
2.400058,1,0.000000,0.199090,0.147365,0.000000,0.000000,0.178595,0.280092,0.535800,0.000305,0.000672,0.003236,0.016606,3.699776,3.299826,1.798289,1.107691,0.616483,1.100732,0.800732,0.749450,3.305857,3.300363,0.798241,4.924500,4.939240,0.003419
2.600058,1,0.000000,0.204945,0.148341,0.000000,0.000000,0.177619,0.279116,0.535800,0.000061,0.000672,0.003297,0.016484,3.704416,3.301682,1.796824,1.101464,0.615750,1.102929,0.800365,0.749987,3.304026,3.299447,0.797948,4.925840,4.935220,0.004274
2.800057,1,0.000000,0.199090,0.147365,0.000000,0.000000,0.179571,0.279116,0.544730,0.000061,0.000672,0.003175,0.016484,3.700704,3.298898,1.796824,1.107691,0.600732,1.101098,0.800365,0.749987,3.306773,3.299447,0.797948,4.923160,4.936560,0.004274
3.000058,1,0.000000,0.193234,0.147365,0.000000,0.000000,0.180547,0.281068,0.535800,0.000122,0.000549,0.003358,0.016484,3.713696,3.313745,1.796824,1.107691,0.616117,1.101098,0.800732,0.749181,3.303110,3.300363,0.798241,4.924500,4.935220,0.004274
3.200057,1,0.000000,0.197138,0.143462,0.000000,0.000000,0.198114,0.281068,0.535800,0.000061,0.000427,0.003114,0.016606,3.698848,3.327664,1.796335,1.103296,0.616483,1.102197,0.799633,0.749987,3.304942,3.299447,0.797948,4.927180,4.935220,0.004274
3.400057,1,0.000000,0.196162,0.146390,0.000000,0.000000,0.179571,0.281068,0.535800,0.000183,0.000427,0.003358,0.016361,3.697920,3.298898,1.796824,1.104394,0.615750,1.101098,0.799633,0.749987,3.304942,3.299447,0.797948,4.925840,4.935220,0.004274
3.600058,1,0.000000,0.195186,0.146390,0.000000,0.000000,0.178595,0.279116,0.535800,0.000061,0.000672,0.003297,0.016850,3.711840,3.301682,1.797312,1.106226,0.614285,1.104761,0.801831,0.749987,3.304942,3.300363,0.797655,4.927180,4.939240,0.004274
3.800058,1,0.000000,0.194210,0.144438,0.000000,0.000000,0.179571,0.280092,0.535800,0.000244,0.000549,0.003114,0.016606,3.696993,3.327664,1.796824,1.103296,0.605494,1.102197,0.802930,0.749718,3.305857,3.299447,0.797948,4.925840,4.935220,0.004274
4.000058,1,0.000000,0.193234,0.146390,0.000000,0.000000,0.177619,0.280092,0.535800,0.000183,0.000549,0.003419,0.017094,3.700704,3.295186,1.796824,1.103296,0.616483,1.104028,0.800732,0.749987,3.305857,3.300363,0.797948,4.925840,4.935220,0.004274
4.200058,1,0.000000,0.195186,0.146390,0.000000,0.000000,0.179571,0.279116,0.535800,0.000061,0.000427,0.003297,0.016484,3.719264,3.357359,1.796824,1.109156,0.613919,1.101098,0.799267,0.749181,3.304942,3.299447,0.797948,4.925840,4.935220,0.004274
4.400058,1,0.000000,0.194210,0.146390,0.000000,0.000000,0.190306,0.281068,0.535800,0.000183,0.000427,0.003236,0.015995,3.699776,3.327664,1.797312,1.101464,0.615750,1.104394,0.800732,0.749450,3.304026,3.300363,0.797948,4.928520,4.937900,0.004274
4.600058,1,0.000000,0.196162,0.146390,0.000000,0.000000,0.178595,0.278140,0.535800,0.000183,0.000427,0.003236,0.015995,3.700704,3.357359,1.797312,1.106226,0.616117,1.104394,0.801098,0.748644,3.305857,3.302194,0.797655,4.925840,4.936560,0.004274
4.800058,1,0.000000,0.210801,0.146390,0.000000,0.000000,0.178595,0.280092,0.535800,0.000061,0.000977,0.003175,0.015995,3.715552,3.299826,1.796824,1.105127,0.607325,1.100732,0.800732,0.749450,3.305857,3.300363,0.797948,4.925840,4.936560,0.004274
5.000058,1,0.000000,0.195186,0.146390,0.000000,0.000000,0.179571,0.279116,0.535800,0.000122,0.000672,0.003297,0.016361,3.704416,3.299826,1.796824,1.107691,0.615018,1.101464,0.800365,0.749718,3.305857,3.300363,0.797948,4.928520,4.935220,0.004274
5.200058,1,0.000000,0.197138,0.146390,0.000000,0.000000,0.193234,0.280092,0.526870,0.000061,0.000672,0.003114,0.016361,3.711840,3.294258,1.797800,1.108424,0.615750,1.102929,0.800732,0.750256,3.305857,3.300363,0.798241,4.919140,4.939240,0.004274
5.400057,1,0.000976,0.200066,0.147365,0.000000,0.000000,0.178595,0.281068,0.535800,0.000183,0.000672,0.003236,0.016484,3.703488,3.299826,1.797312,1.107691,0.615018,1.104028,0.801098,0.748913,3.305857,3.299447,0.798241,4.919140,4.929860,0.004274
5.600057,1,0.000000,0.199090,0.145414,0.000000,0.000000,0.179571,0.279116,0.535800,0.000122,0.000549,0.003114,0.016484,3.711840,3.298898,1.796335,1.104761,0.616483,1.104394,0.800732,0.749987,3.303110,3.299447,0.797655,4.924500,4.939240,0.004274
5.800058,1,0.000000,0.198114,0.145414,0.000000,0.000000,0.188355,0.279116,0.526870,0.000977,0.000427,0.003236,0.016606,3.719264,3.293330,1.796824,1.102929,0.602930,1.102929,0.800732,0.749718,3.304026,3.301279,0.797948,4.925840,4.927180,0.004274
6.000057,1,0.000000,0.204945,0.147365,0.000000,0.000000,0.178595,0.279116,0.535800,0.000977,0.000427,0.003114,0.016361,3.710912,3.297970,1.796824,1.102197,0.616117,1.101464,0.799633,0.749450,3.304942,3.299447,0.797948,4.925840,4.939240,0.004274
6.200058,1,0.000000,0.199090,0.147365,0.000000,0.000000,0.179571,0.279116,0.535800,0.000183,0.000672,0.003175,0.017582,3.711840,3.301682,1.796824,1.104761,0.616117,1.102929,0.801831,0.749181,3.305857,3.300363,0.798241,4.919140,4.935220,0.004274
6.400058,1,0.000000,0.200066,0.146390,0.000000,0.000000,0.176643,0.277164,0.535800,0.000061,0.000427,0.003236,0.017094,3.711840,3.292402,1.798289,1.101464,0.615750,1.104028,0.800365,0.749718,3.304942,3.300363,0.797948,4.925840,4.936560,0.004274
6.600059,1,0.000000,0.195186,0.146390,0.000000,0.000000,0.179571,0.278140,0.535800,0.000183,0.000672,0.003175,0.016361,3.713696,3.301682,1.797312,1.104761,0.616483,1.100732,0.800732,0.749450,3.304026,3.300363,0.797655,4.917800,4.935220,0.004274
6.800057,1,0.000000,0.193234,0.145414,0.000000,0.000000,0.179571,0.280092,0.535800,0.000183,0.000427,0.003236,0.016361,3.715552,3.298898,1.799266,1.103662,0.606959,1.101098,0.800732,0.748913,3.305857,3.299447,0.797362,4.925840,4.939240,0.004274
7.000056,1,0.000000,0.198114,0.148341,0.000000,0.000000,0.191282,0.281068,0.535800,0.000061,0.000672,0.003297,0.016606,3.715552,3.298898,1.797312,1.104028,0.615384,1.104761,0.799633,0.749718,3.304026,3.300363,0.797948,4.924500,4.936560,0.004274
7.200056,1,0.000000,0.199090,0.145414,0.000000,0.000000,0.178595,0.281068,0.535800,0.000305,0.000549,0.003419,0.016606,3.699776,3.301682,1.796824,1.101464,0.616849,1.100732,0.799633,0.749718,3.305857,3.300363,0.797948,4.924500,4.929860,0.004274
7.400059,1,0.000000,0.202017,0.147365,0.000000,0.000000,0.177619,0.279116,0.535800,0.000244,0.000549,0.003297,0.016850,3.711840,3.298898,1.796824,1.104761,0.615018,1.104394,0.800732,0.749987,3.304026,3.300363,0.797948,4.924500,4.936560,0.003419
7.600058,1,0.000000,0.200066,0.144438,0.000000,0.000000,0.180547,0.280092,0.544730,0.000305,0.000549,0.003297,0.016606,3.697920,3.298898,1.797312,1.107691,0.616483,1.105127,0.799633,0.749181,3.305857,3.300363,0.798241,4.919140,4.935220,0.004274
7.800057,1,0.000000,0.197138,0.146390,0.000000,0.000000,0.180547,0.280092,0.535800,0.000061,0.000427,0.003236,0.016606,3.719264,3.293330,1.797312,1.106226,0.601098,1.101464,0.800732,0.749181,3.305857,3.299447,0.797655,4.924500,4.939240,0.004274
8.000058,1,0.000000,0.201042,0.144438,0.000976,0.000000,0.179571,0.279116,0.535800,0.000061,0.000672,0.003297,0.016606,3.711840,3.325809,1.795847,1.102929,0.616117,1.104394,0.798900,0.749987,3.304942,3.301279,0.797948,4.925840,4.939240,0.003419
8.200063,1,0.000000,0.197138,0.144438,0.000000,0.000000,0.178595,0.279116,0.535800,0.000061,0.000427,0.003236,0.017094,3.699776,3.293330,1.796335,1.104761,0.615384,1.104394,0.800732,0.749450,3.305857,3.299447,0.798241,4.924500,4.935220,0.004274
8.400062,1,0.000000,0.197138,0.145414,0.000000,0.000000,0.187379,0.280092,0.535800,0.000244,0.000549,0.003236,0.016728,3.711840,3.355503,1.795847,1.104761,0.614285,1.100732,0.799633,0.749718,3.304942,3.300363,0.797655,4.924500,4.939240,0.004274
8.600060,1,0.000000,0.202993,0.146390,0.000000,0.000000,0.178595,0.279116,0.535800,0.000183,0.001038,0.003297,0.016117,3.704416,3.307249,1.798289,1.101830,0.615018,1.102929,0.802930,0.749718,3.305857,3.299447,0.797948,4.924500,4.929860,0.004274
8.800057,1,0.000000,0.195186,0.146390,0.000000,0.000000,0.180547,0.280092,0.535800,0.000244,0.000672,0.003236,0.016484,3.703488,3.291474,1.796824,1.107691,0.601831,1.105127,0.801098,0.749450,3.304026,3.300363,0.798241,4.925840,4.939240,0.003419
9.000060,1,0.000000,0.199090,0.146390,0.000000,0.000000,0.178595,0.282044,0.535800,0.000061,0.000427,0.003175,0.016606,3.719264,3.291474,1.798289,1.104028,0.616117,1.104028,0.800732,0.749181,3.305857,3.300363,0.797948,4.919140,4.939240,0.004274
9.200058,1,0.000000,0.196162,0.145414,0.000000,0.000000,0.185427,0.283020,0.535800,0.000244,0.000549,0.003297,0.016606,3.710912,3.301682,1.798289,1.101464,0.615750,1.104394,0.798900,0.749181,3.305857,3.300363,0.797948,4.925840,4.936560,0.004274
9.400062,1,0.000000,0.202993,0.144438,0.000000,0.000000,0.179571,0.281068,0.535800,0.000061,0.000672,0.003175,0.016606,3.704416,3.298898,1.796824,1.104761,0.616117,1.102929,0.801098,0.749181,3.305857,3.300363,0.798241,4.919140,4.939240,0.004274
9.600060,1,0.000000,0.199090,0.147365,0.000000,0.000000,0.179571,0.278140,0.535800,0.000122,0.000672,0.003297,0.016484,3.704416,3.292402,1.798289,1.107691,0.615750,1.100732,0.800732,0.749450,3.305857,3.300363,0.797948,4.927180,4.935220,0.004274
9.800057,1,0.000000,0.196162,0.146390,0.000000,0.000000,0.179571,0.278140,0.544730,0.000122,0.000672,0.003419,0.017094,3.711840,3.355503,1.796824,1.104028,0.605494,1.100732,0.799267,0.749181,3.304942,3.299447,0.797655,4.925840,4.936560,0.004274
10.000057,1,0.000000,0.202017,0.147365,0.000000,0.000000,0.177619,0.283996,0.544730,0.000183,0.000427,0.003114,0.016728,3.710912,3.301682,1.796824,1.104761,0.611355,1.104028,0.799633,0.749450,3.304942,3.299447,0.797948,4.921820,4.935220,0.003419
10.200059,1,0.000000,0.197138,0.146390,0.000000,0.000000,0.178595,0.281068,0.535800,0.000183,0.000549,0.003297,0.016361,3.711840,3.327664,1.796335,1.104394,0.615384,1.105127,0.801098,0.749718,3.304942,3.299447,0.797948,4.921820,4.939240,0.004274
10.400060,1,0.000000,0.196162,0.145414,0.000000,0.000000,0.186403,0.278140,0.535800,0.000183,0.000672,0.003419,0.016361,3.710912,3.292402,1.797312,1.104028,0.615750,1.104761,0.800732,0.748913,3.305857,3.302194,0.798241,4.924500,4.939240,0.004274
10.600057,1,0.000000,0.196162,0.146390,0.000000,0.000000,0.176643,0.279116,0.535800,0.000061,0.000427,0.003236,0.016606,3.719264,3.303538,1.797800,1.107691,0.615750,1.102929,0.798900,0.749718,3.305857,3.299447,0.797948,4.925840,4.935220,0.003419
10.800057,1,0.001952,0.196162,0.145414,0.000000,0.000000,0.179571,0.281068,0.535800,0.000183,0.000427,0.003358,0.016606,3.715552,3.294258,1.797800,1.107691,0.604761,1.104028,0.799633,0.749987,3.303110,3.299447,0.797655,4.919140,4.935220,0.003419
11.000059,1,0.000000,0.197138,0.146390,0.000000,0.000000,0.175667,0.279116,0.535800,0.000183,0.000427,0.003236,0.016361,3.719264,3.301682,1.796824,1.103296,0.616483,1.104761,0.800732,0.750256,3.304942,3.300363,0.797655,4.924500,4.939240,0.003419
11.200058,1,0.000000,0.205921,0.146390,0.000000,0.000000,0.177619,0.278140,0.535800,0.000122,0.000549,0.003236,0.016606,3.711840,3.291474,1.797312,1.107691,0.615384,1.104761,0.800732,0.749718,3.304942,3.299447,0.797948,4.925840,4.935220,0.004274
11.400061,1,0.000000,0.198114,0.146390,0.000000,0.000000,0.178595,0.279116,0.544730,0.000061,0.000427,0.003175,0.016606,3.711840,3.301682,1.796824,1.101464,0.616849,1.102929,0.800365,0.749718,3.305857,3.301279,0.797655,4.928520,4.935220,0.004274
11.600057,1,0.000000,0.196162,0.145414,0.000000,0.000000,0.178595,0.277164,0.535800,0.000183,0.000672,0.003236,0.016239,3.702560,3.301682,1.797312,1.110622,0.615750,1.104028,0.800732,0.756434,3.305857,3.300363,0.797948,4.927180,4.929860,0.004274
11.800058,1,0.000000,0.198114,0.143462,0.000000,0.000000,0.187379,0.280092,0.535800,0.000061,0.000427,0.003297,0.015995,3.715552,3.292402,1.796824,1.103296,0.605494,1.100732,0.800732,0.748644,3.303110,3.299447,0.797948,4.925840,4.935220,0.004274
12.000058,1,0.000000,0.202017,0.146390,0.000000,0.000000,0.179571,0.280092,0.535800,0.000183,0.000549,0.003175,0.016361,3.719264,3.299826,1.797800,1.101464,0.616483,1.104394,0.801831,0.749450,3.303110,3.302194,0.798241,4.925840,4.936560,0.003419
12.200059,1,0.000000,0.197138,0.146390,0.000000,0.000000,0.178595,0.280092,0.535800,0.000122,0.000549,0.003419,0.016728,3.710912,3.298898,1.796824,1.102929,0.615018,1.106226,0.801464,0.749181,3.304026,3.299447,0.797948,4.925840,4.939240,0.004274
12.400058,1,0.000000,0.195186,0.143462,0.000000,0.000000,0.178595,0.277164,0.535800,0.000183,0.000549,0.003114,0.016606,3.713696,3.293330,1.796824,1.102563,0.615750,1.104394,0.799633,0.749718,3.305857,3.299447,0.798241,4.924500,4.939240,0.004274
12.600057,1,0.000000,0.194210,0.146390,0.000000,0.000000,0.191282,0.280092,0.535800,0.000061,0.000427,0.003236,0.016484,3.711840,3.301682,1.796824,1.109156,0.617216,1.104761,0.798900,0.749450,3.305857,3.300363,0.797948,4.925840,4.929860,0.004274
12.800059,1,0.000976,0.198114,0.144438,0.000000,0.000000,0.179571,0.278140,0.535800,0.000061,0.000427,0.003236,0.016484,3.726687,3.307249,1.796824,1.101464,0.605494,1.104028,0.799633,0.749450,3.304026,3.299447,0.797948,4.925840,4.935220,0.003419
13.000059,1,0.000000,0.199090,0.146390,0.000000,0.000000,0.190306,0.280092,0.535800,0.000183,0.000672,0.003175,0.016606,3.711840,3.311889,1.796824,1.104394,0.617216,1.104761,0.800365,0.749718,3.303110,3.299447,0.797948,4.924500,4.935220,0.004274
13.200059,1,0.000000,0.200066,0.147365,0.000000,0.000000,0.178595,0.279116,0.535800,0.000061,0.000672,0.003297,0.016606,3.721120,3.301682,1.797312,1.104028,0.615750,1.101098,0.802930,0.749718,3.303110,3.300363,0.798241,4.919140,4.936560,0.004274
13.400062,1,0.000000,0.203969,0.146390,0.000000,0.000000,0.178595,0.279116,0.535800,0.000305,0.000672,0.003114,0.016484,3.715552,3.297970,1.798777,1.107691,0.615750,1.104394,0.799267,0.749181,3.305857,3.300363,0.797362,4.925840,4.929860,0.004274
13.600057,1,0.000000,0.196162,0.147365,0.000000,0.000000,0.178595,0.281068,0.535800,0.000183,0.000427,0.003114,0.016239,3.711840,3.355503,1.795847,1.109156,0.616849,1.098534,0.799633,0.749718,3.304942,3.299447,0.797948,4.925840,4.935220,0.004274
13.800059,1,0.000000,0.196162,0.144438,0.000000,0.000000,0.179571,0.278140,0.535800,0.000183,0.000672,0.003358,0.016484,3.710912,3.298898,1.794870,1.101830,0.604761,1.104028,0.800732,0.749450,3.306773,3.299447,0.797948,4.925840,4.939240,0.003419
14.000058,1,0.000000,0.196162,0.146390,0.000000,0.000000,0.178595,0.280092,0.544730,0.000061,0.000427,0.003236,0.016117,3.726687,3.291474,1.797312,1.105494,0.613919,1.100732,0.799633,0.749718,3.304026,3.300363,0.797948,4.919140,4.929860,0.004274
14.200057,1,0.000000,0.196162,0.146390,0.000000,0.000000,0.178595,0.281068,0.535800,0.000183,0.000427,0.003175,0.016606,3.703488,3.298898,1.796824,1.101464,0.615018,1.100732,0.798900,0.749181,3.304026,3.300363,0.798241,4.924500,4.935220,0.003419
14.400060,1,0.000000,0.199090,0.147365,0.000000,0.000000,0.191282,0.278140,0.535800,0.000305,0.000672,0.003297,0.016728,3.715552,3.299826,1.796824,1.107691,0.613552,1.104761,0.801098,0.749718,3.305857,3.300363,0.798241,4.919140,4.936560,0.004274
14.600057,1,0.000000,0.207873,0.146390,0.000000,0.000000,0.179571,0.281068,0.535800,0.000244,0.000549,0.003419,0.016239,3.696064,3.307249,1.798289,1.102197,0.616483,1.102929,0.799267,0.749987,3.304942,3.299447,0.797948,4.925840,4.936560,0.004274
14.800057,1,0.000000,0.194210,0.146390,0.000000,0.000000,0.178595,0.279116,0.544730,0.000977,0.000549,0.003175,0.016361,3.710912,3.301682,1.796824,1.103662,0.604029,1.101464,0.801098,0.749450,3.304026,3.300363,0.797948,4.925840,4.935220,0.004274
15.000058,1,0.000000,0.199090,0.147365,0.000000,0.000000,0.179571,0.279116,0.535800,0.000244,0.000549,0.003236,0.016484,3.699776,3.298898,1.797800,1.107691,0.615750,1.100732,0.800732,0.749450,3.305857,3.300363,0.797948,4.919140,4.935220,0.003419
15.200057,1,0.000000,0.200066,0.145414,0.000000,0.000000,0.177619,0.279116,0.535800,0.000977,0.000427,0.003175,0.016606,3.726687,3.357359,1.796824,1.107691,0.614651,1.104761,0.801098,0.749718,3.305857,3.301279,0.797948,4.925840,4.932540,0.004274
15.400058,1,0.000976,0.194210,0.174691,0.000000,0.000000,0.199090,0.281068,0.535800,0.000061,0.000672,0.003297,0.016606,3.697920,3.355503,1.796335,1.106226,0.617216,1.099999,0.800732,0.749181,3.305857,3.299447,0.797948,4.924500,4.936560,0.004274
15.600057,1,0.000976,0.200066,0.144438,0.000000,0.000000,0.190306,0.280092,0.544730,0.000183,0.000549,0.003358,0.016239,3.697920,3.311889,1.796824,1.107691,0.615750,1.104028,0.800365,0.749450,3.304942,3.300363,0.797948,4.925840,4.935220,0.004274
15.800058,1,0.000000,0.197138,0.145414,0.000000,0.000000,0.179571,0.279116,0.535800,0.000061,0.000427,0.003236,0.016361,3.700704,3.292402,1.797800,1.101464,0.604029,1.102929,0.799633,0.749718,3.305857,3.300363,0.797948,4.919140,4.929860,0.004274
16.000058,1,0.000000,0.206897,0.147365,0.000000,0.000000,0.179571,0.278140,0.544730,0.000061,0.000427,0.003236,0.016361,3.719264,3.301682,1.796824,1.104761,0.616117,1.102929,0.800365,0.749450,3.304942,3.302194,0.797655,4.921820,4.936560,0.004274
16.200057,1,0.000000,0.199090,0.144438,0.000000,0.000000,0.179571,0.279116,0.535800,0.000183,0.000672,0.003175,0.016484,3.711840,3.327664,1.795847,1.104394,0.616483,1.105127,0.800365,0.749718,3.304942,3.300363,0.797948,4.925840,4.929860,0.004274
16.400059,1,0.000000,0.196162,0.144438,0.000000,0.000000,0.179571,0.279116,0.535800,0.000183,0.000549,0.003419,0.017094,3.717408,3.307249,1.797800,1.105494,0.616483,1.102929,0.799267,0.749181,3.303110,3.300363,0.797948,4.925840,4.939240,0.004274
16.600059,1,0.000000,0.196162,0.144438,0.000000,0.000000,0.179571,0.281068,0.535800,0.000183,0.000672,0.003175,0.016606,3.704416,3.301682,1.796824,1.104761,0.616483,1.104761,0.798900,0.749718,3.305857,3.300363,0.798241,4.919140,4.929860,0.004274
16.800059,1,0.000000,0.266429,0.145414,0.000000,0.000000,0.178595,0.281068,0.535800,0.000305,0.000672,0.003236,0.016850,3.711840,3.295186,1.796335,1.106226,0.605494,1.100732,0.800732,0.749181,3.304942,3.299447,0.797948,4.927180,4.935220,0.004274
17.000056,1,0.000000,0.194210,0.144438,0.000000,0.000000,0.183475,0.279116,0.535800,0.000183,0.000672,0.003236,0.016484,3.719264,3.293330,1.797800,1.102929,0.615018,1.100732,0.800732,0.749450,3.304942,3.299447,0.797948,4.925840,4.929860,0.004274
17.200056,1,0.000000,0.202017,0.147365,0.000000,0.000000,0.178595,0.279116,0.535800,0.000183,0.000672,0.003297,0.016484,3.719264,3.307249,1.797800,1.107691,0.613186,1.100732,0.800365,0.749987,3.303110,3.301279,0.797655,4.924500,4.929860,0.004274
17.400057,1,0.000000,0.198114,0.144438,0.000000,0.000000,0.178595,0.281068,0.535800,0.000305,0.000549,0.003236,0.016361,3.711840,3.294258,1.796824,1.101830,0.615384,1.105127,0.799633,0.749450,3.306773,3.300363,0.798241,4.925840,4.935220,0.003419
17.600058,1,0.000000,0.192258,0.148341,0.000000,0.000000,0.179571,0.281068,0.535800,0.000305,0.000549,0.003419,0.017094,3.713696,3.293330,1.797312,1.103296,0.616483,1.099999,0.800732,0.749987,3.304942,3.300363,0.797655,4.924500,4.939240,0.004274
17.800058,1,0.000000,0.256670,0.147365,0.000000,0.000000,0.185427,0.279116,0.535800,0.000244,0.000672,0.003419,0.016850,3.710912,3.295186,1.796335,1.101464,0.608424,1.104761,0.800732,0.749450,3.305857,3.299447,0.797655,4.919140,4.929860,0.004274
18.000056,1,0.000000,0.201042,0.145414,0.000000,0.000000,0.178595,0.282044,0.535800,0.000183,0.000427,0.003175,0.016606,3.726687,3.292402,1.796824,1.106226,0.616483,1.104028,0.799633,0.749181,3.304942,3.299447,0.798241,4.928520,4.936560,0.004274
18.200056,1,0.000000,0.198114,0.147365,0.000000,0.000000,0.179571,0.280092,0.535800,0.000183,0.000672,0.003175,0.016484,3.711840,3.311889,1.796335,1.104761,0.615018,1.102929,0.800365,0.750256,3.304942,3.299447,0.798241,4.924500,4.935220,0.003419
18.400057,1,0.000976,0.194210,0.181523,0.000000,0.000000,0.178595,0.280092,0.535800,0.000183,0.000672,0.003297,0.016484,3.719264,3.292402,1.796824,1.104761,0.615750,1.102929,0.800732,0.749987,3.303110,3.300363,0.798241,4.924500,4.936560,0.004274
18.600059,1,0.000000,0.201042,0.142486,0.000000,0.000000,0.178595,0.279116,0.535800,0.000977,0.000672,0.003175,0.016850,3.699776,3.307249,1.797800,1.101464,0.615750,1.102197,0.800732,0.749450,3.305857,3.300363,0.797948,4.925840,4.929860,0.004274
18.800058,1,0.000000,0.199090,0.145414,0.000000,0.000000,0.177619,0.281068,0.544730,0.000061,0.000672,0.003297,0.015995,3.711840,3.293330,1.796824,1.101464,0.603662,1.105494,0.800732,0.749450,3.304026,3.301279,0.797362,4.925840,4.936560,0.004274
19.000056,1,0.000000,0.197138,0.144438,0.000000,0.000000,0.200066,0.279116,0.535800,0.000183,0.000427,0.003175,0.016117,3.704416,3.299826,1.798289,1.107691,0.616117,1.104394,0.799633,0.752136,3.306773,3.299447,0.797948,4.927180,4.936560,0.004274
19.200056,1,0.000000,0.197138,0.145414,0.000000,0.000000,0.177619,0.279116,0.544730,0.000244,0.000549,0.003114,0.016484,3.697920,3.357359,1.796824,1.107691,0.616483,1.104028,0.798900,0.750256,3.305857,3.300363,0.798241,4.919140,4.935220,0.004274
19.400056,1,0.000000,0.205921,0.145414,0.000000,0.000000,0.176643,0.280092,0.535800,0.000122,0.000672,0.003419,0.017094,3.719264,3.307249,1.797800,1.101830,0.614285,1.104028,0.800732,0.749987,3.305857,3.299447,0.797948,4.925840,4.929860,0.004274
19.600059,1,0.000000,0.194210,0.145414,0.000000,0.000000,0.178595,0.281068,0.535800,0.000244,0.000549,0.003236,0.017582,3.711840,3.293330,1.798289,1.101464,0.616483,1.104761,0.800365,0.749450,3.304942,3.300363,0.797362,4.925840,4.935220,0.004274
19.800057,1,0.000000,0.200066,0.146390,0.000000,0.000000,0.179571,0.279116,0.535800,0.000061,0.000427,0.003236,0.017094,3.711840,3.293330,1.798289,1.101464,0.605860,1.104761,0.800732,0.748913,3.304942,3.299447,0.798241,4.919140,4.936560,0.004274
20.000057,1,0.000000,0.197138,0.146390,0.000000,0.000000,0.179571,0.280092,0.535800,0.000305,0.000549,0.003358,0.016606,3.710912,3.307249,1.796335,1.104761,0.616117,1.102929,0.801464,0.749181,3.305857,3.300363,0.798241,4.919140,4.939240,0.004274
20.200057,1,0.000000,0.196162,0.145414,0.000000,0.000000,0.179571,0.279116,0.544730,0.000305,0.000672,0.003297,0.016484,3.719264,3.293330,1.797312,1.107691,0.615018,1.104761,0.800732,0.749987,3.304942,3.299447,0.797948,4.925840,4.936560,0.004274
20.400062,1,0.000000,0.195186,0.145414,0.000000,0.000000,0.190306,0.282044,0.535800,0.000244,0.000672,0.003419,0.016606,3.715552,3.294258,1.798289,1.101830,0.615750,1.102929,0.800365,0.749450,3.304942,3.299447,0.797948,4.925840,4.937900,0.004274
20.600057,1,0.000000,0.210801,0.145414,0.000000,0.000000,0.178595,0.281068,0.535800,0.000061,0.000427,0.003175,0.016606,3.726687,3.307249,1.797312,1.104761,0.616117,1.104761,0.800365,0.748913,3.304942,3.300363,0.797948,4.924500,4.935220,0.004274
20.800058,1,0.000000,0.194210,0.144438,0.000000,0.000000,0.179571,0.279116,0.535800,0.000061,0.000672,0.003297,0.016239,3.699776,3.301682,1.796824,1.103662,0.604395,1.104394,0.800732,0.749987,3.305857,3.302194,0.798241,4.924500,4.936560,0.004274
21.000057,1,0.000000,0.197138,0.146390,0.000000,0.000000,0.179571,0.281068,0.535800,0.000183,0.000672,0.003114,0.016484,3.726687,3.312817,1.797800,1.101830,0.614651,1.100365,0.800732,0.749450,3.305857,3.300363,0.798241,4.928520,4.937900,0.004274
21.200064,1,0.000000,0.197138,0.148341,0.000000,0.000000,0.179571,0.280092,0.535800,0.000244,0.000549,0.003419,0.016606,3.719264,3.303538,1.797800,1.102197,0.615384,1.102929,0.800732,0.749450,3.304942,3.300363,0.797948,4.925840,4.937900,0.004274
21.400060,1,0.000000,0.196162,0.148341,0.000000,0.000000,0.178595,0.279116,0.544730,0.000061,0.000427,0.003236,0.016606,3.710912,3.301682,1.797312,1.107691,0.615018,1.100732,0.799633,0.749181,3.306773,3.300363,0.797362,4.924500,4.939240,0.004274
21.600059,1,0.000000,0.196162,0.147365,0.000000,0.000000,0.191282,0.281068,0.535800,0.000305,0.000672,0.003114,0.016606,3.701632,3.299826,1.797800,1.101830,0.616483,1.102197,0.799633,0.749987,3.304942,3.300363,0.797948,4.925840,4.935220,0.004274
21.800056,1,0.000000,0.194210,0.145414,0.000000,0.000000,0.179571,0.281068,0.544730,0.000305,0.000672,0.003297,0.016484,3.710912,3.301682,1.796824,1.101830,0.600366,1.102929,0.800732,0.749718,3.304942,3.299447,0.797948,4.928520,4.935220,0.004274
22.000058,1,0.000000,0.203969,0.145414,0.000000,0.000000,0.178595,0.279116,0.535800,0.000061,0.001038,0.003236,0.016239,3.710912,3.293330,1.796824,1.104028,0.615750,1.104761,0.800732,0.748644,3.304026,3.300363,0.797948,4.925840,4.933880,0.004274
22.200057,1,0.000000,0.196162,0.146390,0.000000,0.000000,0.179571,0.280092,0.535800,0.000183,0.000427,0.003175,0.016484,3.711840,3.298898,1.797312,1.102197,0.616483,1.101464,0.800732,0.749987,3.304026,3.300363,0.797948,4.925840,4.939240,0.004274
22.400059,1,0.000000,0.197138,0.144438,0.000000,0.000000,0.180547,0.281068,0.544730,0.000305,0.000672,0.003297,0.016484,3.704416,3.292402,1.797800,1.104028,0.615384,1.104761,0.798900,0.748913,3.304942,3.299447,0.797948,4.925840,4.939240,0.004274
22.600059,1,0.000000,0.196162,0.147365,0.000000,0.000000,0.178595,0.281068,0.544730,0.000183,0.000672,0.003175,0.016606,3.726687,3.299826,1.796824,1.101830,0.616117,1.102929,0.801098,0.749181,3.304026,3.299447,0.797948,4.919140,4.929860,0.004274
22.800057,1,0.000000,0.197138,0.147365,0.000000,0.000000,0.179571,0.280092,0.535800,0.000122,0.000672,0.003236,0.016361,3.719264,3.301682,1.796824,1.101464,0.600366,1.104761,0.799267,0.749718,3.304942,3.299447,0.797948,4.925840,4.939240,0.004274
23.000059,1,0.000000,0.199090,0.144438,0.000000,0.000000,0.189330,0.281068,0.535800,0.000183,0.000549,0.003236,0.016239,3.711840,3.293330,1.801219,1.110622,0.616483,1.104761,0.798900,0.749987,3.304942,3.299447,0.797948,4.924500,4.939240,0.004274
23.200059,1,0.000000,0.196162,0.145414,0.000000,0.000000,0.180547,0.279116,0.535800,0.000305,0.000672,0.003358,0.016972,3.726687,3.301682,1.798289,1.103296,0.615750,1.100732,0.799633,0.749987,3.305857,3.299447,0.798241,4.925840,4.935220,0.004274
23.400058,1,0.000000,0.199090,0.143462,0.000000,0.000000,0.179571,0.280092,0.535800,0.000244,0.000549,0.003236,0.016606,3.697920,3.327664,1.796824,1.101830,0.616117,1.100732,0.801098,0.749181,3.304942,3.301279,0.797948,4.927180,4.939240,0.004274
23.600057,1,0.000000,0.197138,0.148341,0.000000,0.000000,0.178595,0.280092,0.544730,0.000183,0.000672,0.003297,0.016850,3.710912,3.291474,1.796335,1.104394,0.616483,1.102197,0.800732,0.749450,3.304026,3.300363,0.797655,4.923160,4.937900,0.004274
23.800059,1,0.000000,0.198114,0.142486,0.000000,0.000000,0.180547,0.279116,0.544730,0.000183,0.000427,0.003297,0.016728,3.711840,3.295186,1.796824,1.107691,0.606593,1.104028,0.801831,0.749450,3.305857,3.299447,0.797948,4.924500,4.929860,0.004274
24.000058,1,0.000000,0.197138,0.146390,0.000000,0.000000,0.178595,0.279116,0.544730,0.000061,0.000672,0.003297,0.016484,3.703488,3.325809,1.797312,1.102563,0.617216,1.100732,0.800732,0.749987,3.305857,3.299447,0.797948,4.925840,4.929860,0.004274
24.200057,1,0.000000,0.197138,0.146390,0.000000,0.000000,0.176643,0.276188,0.544730,0.000061,0.000977,0.003419,0.016361,3.704416,3.293330,1.798289,1.101464,0.615750,1.101464,0.799633,0.749450,3.304942,3.300363,0.797948,4.928520,4.929860,0.004274
24.400057,1,0.000000,0.197138,0.145414,0.000000,0.000000,0.179571,0.280092,0.535800,0.000488,0.000672,0.003175,0.016117,3.711840,3.311889,1.797800,1.107691,0.615384,1.101098,0.800732,0.749450,3.304942,3.302194,0.797948,4.925840,4.935220,0.004274
24.600057,1,0.000000,0.202017,0.143462,0.000000,0.000000,0.174691,0.280092,0.535800,0.000183,0.000672,0.003114,0.016728,3.711840,3.357359,1.797312,1.101464,0.613552,1.100732,0.800365,0.749450,3.304026,3.301279,0.797948,4.924500,4.937900,0.004274
24.800056,1,0.000000,0.197138,0.145414,0.000000,0.000000,0.176643,0.280092,0.535800,0.000122,0.000672,0.003236,0.016484,3.719264,3.293330,1.797312,1.110622,0.604761,1.104761,0.800732,0.749987,3.303110,3.299447,0.797948,4.924500,4.931200,0.004274
25.000058,1,0.000000,0.198114,0.145414,0.000000,0.000000,0.179571,0.281068,0.544730,0.000183,0.000427,0.003297,0.017094,3.711840,3.297970,1.795847,1.109156,0.615018,1.104394,0.801098,0.749450,3.305857,3.300363,0.797948,4.924500,4.935220,0.004274
25.200057,1,0.000976,0.199090,0.145414,0.000000,0.000000,0.178595,0.279116,0.544730,0.000305,0.000549,0.003114,0.016606,3.704416,3.298898,1.796824,1.107325,0.615384,1.104394,0.800365,0.749181,3.305857,3.300363,0.797948,4.925840,4.936560,0.004274
25.400056,1,0.000000,0.199090,0.148341,0.000000,0.000000,0.179571,0.280092,0.535800,0.000244,0.000672,0.003419,0.016728,3.711840,3.301682,1.797800,1.101464,0.615018,1.101098,0.799267,0.749181,3.305857,3.302194,0.797655,4.924500,4.939240,0.004274
25.600057,1,0.000000,0.197138,0.147365,0.000000,0.000000,0.179571,0.277164,0.535800,0.000122,0.000549,0.003297,0.017094,3.699776,3.301682,1.798289,1.107691,0.616117,1.101464,0.801831,0.749181,3.304942,3.300363,0.797948,4.928520,4.932540,0.004274
25.800059,1,0.000000,0.203969,0.145414,0.000000,0.000000,0.179571,0.279116,0.544730,0.000305,0.000549,0.003297,0.017094,3.713696,3.298898,1.798289,1.101830,0.604029,1.104028,0.800365,0.749987,3.305857,3.299447,0.797948,4.924500,4.933880,0.004274
26.000058,1,0.000000,0.194210,0.147365,0.000000,0.000000,0.179571,0.281068,0.535800,0.000244,0.000549,0.003419,0.016361,3.698848,3.357359,1.796824,1.101830,0.615750,1.101464,0.800732,0.749181,3.305857,3.300363,0.797948,4.919140,4.935220,0.004274
26.200056,1,0.000000,0.195186,0.147365,0.000000,0.000000,0.178595,0.281068,0.535800,0.000183,0.000549,0.003358,0.016484,3.696993,3.313745,1.796824,1.102929,0.615750,1.104394,0.799633,0.749450,3.305857,3.300363,0.798241,4.919140,4.935220,0.004274
26.400057,1,0.000000,0.199090,0.145414,0.000000,0.000000,0.200066,0.281068,0.535800,0.000122,0.000672,0.003419,0.017094,3.702560,3.298898,1.796824,1.101830,0.616483,1.102929,0.798900,0.749987,3.304026,3.300363,0.797948,4.927180,4.935220,0.004274
26.600057,1,0.000000,0.197138,0.146390,0.000000,0.000000,0.177619,0.280092,0.544730,0.000183,0.000672,0.003236,0.016361,3.704416,3.294258,1.796824,1.101830,0.616483,1.102929,0.800732,0.749718,3.304942,3.300363,0.797948,4.924500,4.935220,0.004274
26.800058,1,0.000000,0.196162,0.144438,0.000000,0.000000,0.180547,0.278140,0.535800,0.000183,0.000427,0.003236,0.016239,3.711840,3.311889,1.797312,1.104028,0.606959,1.104394,0.800732,0.749450,3.304942,3.300363,0.797948,4.925840,4.929860,0.004274
27.000058,1,0.000000,0.194210,0.145414,0.000000,0.000000,0.176643,0.281068,0.535800,0.000183,0.000672,0.003297,0.016484,3.715552,3.311889,1.796824,1.104761,0.616483,1.104761,0.799633,0.748913,3.304026,3.299447,0.797948,4.919140,4.939240,0.004274
27.200056,1,0.000000,0.196162,0.145414,0.000000,0.000000,0.179571,0.278140,0.535800,0.000183,0.000672,0.003236,0.016239,3.711840,3.301682,1.796824,1.101830,0.616849,1.104761,0.801831,0.749450,3.307689,3.300363,0.798241,4.924500,4.935220,0.004274
27.400057,1,0.000000,0.196162,0.148341,0.000000,0.000000,0.178595,0.280092,0.544730,0.000244,0.000427,0.003236,0.017094,3.711840,3.325809,1.796824,1.103296,0.616117,1.101464,0.800732,0.749987,3.304026,3.299447,0.797655,4.924500,4.935220,0.004274
27.600059,1,0.000000,0.197138,0.146390,0.000000,0.000000,0.201042,0.279116,0.544730,0.000122,0.000672,0.003236,0.016606,3.696993,3.295186,1.796335,1.108424,0.616483,1.104761,0.800732,0.749718,3.305857,3.300363,0.797948,4.928520,4.936560,0.004274
27.800059,1,0.001952,0.193234,0.145414,0.000000,0.000000,0.180547,0.278140,0.535800,0.000183,0.000427,0.003358,0.016728,3.710912,3.311889,1.798289,1.105494,0.607325,1.102929,0.799267,0.749181,3.304026,3.300363,0.797948,4.921820,4.935220,0.004274
28.000057,1,0.000000,0.209825,0.143462,0.000000,0.000000,0.178595,0.279116,0.544730,0.000061,0.000672,0.003358,0.016484,3.711840,3.301682,1.797312,1.101464,0.616483,1.104394,0.799633,0.749987,3.304942,3.301279,0.798241,4.924500,4.939240,0.004274
28.200056,1,0.000000,0.196162,0.146390,0.000000,0.000000,0.179571,0.279116,0.535800,0.000061,0.000672,0.003175,0.016484,3.704416,3.298898,1.796824,1.107691,0.613552,1.101098,0.799633,0.749181,3.304026,3.299447,0.797948,4.925840,4.932540,0.004274
28.400059,1,0.000000,0.196162,0.144438,0.000000,0.000000,0.178595,0.280092,0.535800,0.000061,0.000427,0.003297,0.016728,3.711840,3.299826,1.798289,1.102563,0.615750,1.102929,0.799267,0.749987,3.305857,3.300363,0.797948,4.925840,4.936560,0.004274
28.600058,1,0.000000,0.194210,0.143462,0.000000,0.000000,0.178595,0.280092,0.544730,0.000061,0.000427,0.003297,0.016484,3.711840,3.293330,1.796335,1.105494,0.615750,1.101098,0.800732,0.749450,3.304942,3.300363,0.797948,4.925840,4.936560,0.004274
28.800058,1,0.000000,0.197138,0.147365,0.000000,0.000000,0.178595,0.280092,0.544730,0.000061,0.000672,0.003419,0.016728,3.726687,3.293330,1.797312,1.107691,0.606959,1.104394,0.799633,0.749987,3.305857,3.300363,0.797948,4.925840,4.929860,0.004274
29.000055,1,0.000000,0.194210,0.145414,0.000000,0.000000,0.189330,0.279116,0.535800,0.000183,0.000672,0.003297,0.016484,3.710912,3.299826,1.796824,1.101830,0.615750,1.102929,0.800732,0.749718,3.304942,3.299447,0.797948,4.927180,4.935220,0.004274
29.200058,1,0.000000,0.210801,0.143462,0.000000,0.000000,0.179571,0.279116,0.544730,0.000183,0.000672,0.003297,0.016484,3.704416,3.307249,1.797800,1.102929,0.615018,1.104761,0.800732,0.749450,3.304942,3.299447,0.797655,4.924500,4.936560,0.004274
29.400059,1,0.000000,0.197138,0.146390,0.000000,0.000000,0.177619,0.280092,0.544730,0.000061,0.000427,0.003297,0.016239,3.711840,3.293330,1.796824,1.104394,0.616849,1.105127,0.801464,0.749987,3.304942,3.301279,0.797948,4.925840,4.939240,0.004274
29.600057,1,0.000000,0.199090,0.147365,0.000000,0.000000,0.180547,0.282044,0.535800,0.000183,0.000427,0.003297,0.017094,3.711840,3.293330,1.797800,1.101464,0.616483,1.100732,0.799633,0.749718,3.305857,3.300363,0.797948,4.921820,4.935220,0.004274
29.800058,1,0.000000,0.196162,0.144438,0.000000,0.000000,0.179571,0.279116,0.544730,0.000061,0.000427,0.003114,0.016728,3.710912,3.297970,1.797800,1.106226,0.607692,1.104761,0.799633,0.749450,3.304026,3.300363,0.797948,4.925840,4.936560,0.004274
30.000055,1,0.000000,0.197138,0.144438,0.000000,0.000000,0.180547,0.277164,0.544730,0.000183,0.000549,0.003419,0.016484,3.711840,3.295186,1.796824,1.104761,0.616483,1.104394,0.801464,0.749181,3.304942,3.299447,0.797948,4.923160,4.935220,0.003419
30.200058,1,0.000000,0.197138,0.145414,0.000000,0.000000,0.189330,0.281068,0.535800,0.000183,0.000672,0.003175,0.016728,3.697920,3.301682,1.796824,1.101830,0.615750,1.101098,0.800732,0.749450,3.304026,3.300363,0.798241,4.919140,4.936560,0.004274
30.400061,1,0.000000,0.199090,0.144438,0.000000,0.000000,0.180547,0.279116,0.535800,0.000244,0.000549,0.003419,0.016484,3.711840,3.298898,1.798289,1.104761,0.615018,1.104761,0.802930,0.749450,3.304026,3.299447,0.797948,4.924500,4.939240,0.004274
30.600056,1,0.000000,0.207873,0.146390,0.000000,0.000000,0.177619,0.278140,0.535800,0.000183,0.001038,0.003175,0.016484,3.708128,3.299826,1.797312,1.101464,0.615018,1.102929,0.800732,0.749718,3.304942,3.300363,0.797362,4.928520,4.936560,0.003419
30.800058,1,0.000000,0.194210,0.145414,0.000000,0.000000,0.179571,0.280092,0.535800,0.000244,0.000549,0.003358,0.016239,3.719264,3.307249,1.798289,1.107691,0.608791,1.104761,0.800732,0.749181,3.305857,3.300363,0.797948,4.924500,4.939240,0.004274
31.000055,1,0.000000,0.199090,0.145414,0.000000,0.000000,0.178595,0.280092,0.535800,0.000183,0.000427,0.003297,0.016484,3.711840,3.307249,1.797312,1.102929,0.616117,1.102929,0.800732,0.749181,3.304942,3.300363,0.798241,4.925840,4.935220,0.004274
31.200058,1,0.000000,0.196162,0.148341,0.000000,0.000000,0.179571,0.279116,0.535800,0.000061,0.000672,0.003175,0.016484,3.711840,3.327664,1.796824,1.101830,0.615750,1.102929,0.799267,0.749718,3.304942,3.300363,0.798241,4.924500,4.935220,0.004274
31.400059,1,0.000000,0.196162,0.143462,0.000000,0.000000,0.179571,0.280092,0.526870,0.000061,0.000427,0.003236,0.017094,3.711840,3.293330,1.797312,1.108424,0.615750,1.102929,0.801831,0.749718,3.304942,3.299447,0.797948,4.925840,4.939240,0.003419
31.600057,1,0.000000,0.198114,0.145414,0.000000,0.000000,0.190306,0.279116,0.535800,0.000244,0.000549,0.003114,0.016606,3.710912,3.294258,1.798289,1.107691,0.615750,1.102929,0.801098,0.749450,3.304026,3.299447,0.797948,4.925840,4.935220,0.004274
31.800057,1,0.000000,0.201042,0.148341,0.000000,0.000000,0.176643,0.281068,0.535800,0.000183,0.000672,0.003114,0.016606,3.699776,3.307249,1.796824,1.105494,0.606227,1.104761,0.799633,0.749987,3.305857,3.300363,0.798241,4.925840,4.939240,0.004274
32.000056,1,0.000976,0.196162,0.145414,0.000000,0.000000,0.178595,0.280092,0.535800,0.000061,0.000427,0.003175,0.017094,3.711840,3.293330,1.798289,1.101464,0.616483,1.104761,0.800732,0.749450,3.304942,3.300363,0.797948,4.925840,4.936560,0.004274
32.200057,1,0.000000,0.194210,0.143462,0.000000,0.000000,0.178595,0.281068,0.535800,0.000183,0.000427,0.003297,0.016606,3.699776,3.294258,1.797312,1.102197,0.615750,1.100365,0.800732,0.749718,3.304942,3.300363,0.797948,4.925840,4.937900,0.004274
32.400058,1,0.000000,0.195186,0.146390,0.000000,0.000000,0.179571,0.281068,0.535800,0.000061,0.000427,0.003297,0.015995,3.711840,3.298898,1.796824,1.107691,0.616117,1.100732,0.800732,0.749987,3.303110,3.302194,0.798241,4.924500,4.936560,0.004274
32.600058,1,0.000000,0.194210,0.144438,0.000000,0.000000,0.178595,0.280092,0.544730,0.000305,0.000549,0.003297,0.017094,3.719264,3.357359,1.796824,1.106226,0.616483,1.104761,0.800732,0.749987,3.304026,3.300363,0.797948,4.925840,4.939240,0.004274
32.800056,1,0.000000,0.198114,0.145414,0.000000,0.000000,0.190306,0.280092,0.535800,0.000244,0.000549,0.003236,0.017582,3.711840,3.301682,1.797312,1.107691,0.601098,1.104394,0.799633,0.749450,3.305857,3.300363,0.797948,4.925840,4.939240,0.004274
33.000059,1,0.000000,0.198114,0.145414,0.000000,0.000000,0.179571,0.280092,0.535800,0.000061,0.000427,0.003419,0.016606,3.726687,3.293330,1.798289,1.103296,0.616117,1.100732,0.800365,0.749987,3.304942,3.300363,0.797362,4.928520,4.935220,0.004274
33.200058,1,0.000000,0.204945,0.146390,0.000000,0.000000,0.177619,0.282044,0.535800,0.000183,0.000672,0.003236,0.016606,3.711840,3.294258,1.796824,1.102929,0.616483,1.102929,0.800365,0.748913,3.304942,3.300363,0.797948,4.925840,4.936560,0.004274
33.400057,1,0.000000,0.199090,0.146390,0.000000,0.000000,0.177619,0.280092,0.544730,0.000061,0.000672,0.003358,0.016728,3.700704,3.292402,1.796824,1.110622,0.615018,1.105127,0.800365,0.749450,3.306773,3.300363,0.797655,4.924500,4.929860,0.004274
33.600056,1,0.000000,0.197138,0.144438,0.000000,0.000000,0.188355,0.278140,0.544730,0.000244,0.000549,0.003236,0.016239,3.696064,3.311889,1.798289,1.104394,0.616483,1.102197,0.799633,0.749450,3.303110,3.299447,0.797948,4.925840,4.936560,0.004274
33.800056,1,0.000000,0.195186,0.145414,0.000000,0.000000,0.177619,0.281068,0.535800,0.000183,0.000672,0.003175,0.017094,3.703488,3.313745,1.798289,1.109156,0.606593,1.101098,0.799633,0.749450,3.304942,3.301279,0.797948,4.927180,4.939240,0.004274
34.000057,1,0.000000,0.196162,0.145414,0.000000,0.000000,0.177619,0.279116,0.535800,0.000183,0.000672,0.003236,0.016850,3.711840,3.307249,1.798289,1.105127,0.615750,1.104394,0.799633,0.749450,3.305857,3.299447,0.797948,4.924500,4.936560,0.004274
34.200056,1,0.000000,0.196162,0.145414,0.000000,0.000000,0.178595,0.280092,0.535800,0.000244,0.000549,0.003297,0.016484,3.710912,3.298898,1.796824,1.103296,0.615384,1.100365,0.800365,0.749450,3.305857,3.300363,0.798241,4.928520,4.936560,0.004274
34.400057,1,0.000000,0.204945,0.147365,0.000000,0.000000,0.179571,0.279116,0.535800,0.000183,0.000427,0.003114,0.016239,3.711840,3.292402,1.796824,1.101464,0.616483,1.102929,0.800365,0.749181,3.303110,3.300363,0.798241,4.924500,4.935220,0.004274
34.600056,1,0.000976,0.196162,0.147365,0.000000,0.000000,0.178595,0.279116,0.535800,0.000244,0.000549,0.003114,0.016239,3.697920,3.301682,1.797312,1.107691,0.616117,1.105127,0.800732,0.749718,3.305857,3.302194,0.798241,4.925840,4.936560,0.004274
34.800056,1,0.000000,0.195186,0.148341,0.000000,0.000000,0.178595,0.281068,0.535800,0.000061,0.000427,0.003297,0.016361,3.711840,3.291474,1.796335,1.104028,0.604029,1.104394,0.800365,0.748913,3.304942,3.300363,0.797948,4.928520,4.935220,0.004274
35.000058,1,0.000000,0.197138,0.144438,0.000000,0.000000,0.201042,0.280092,0.535800,0.000061,0.000427,0.003236,0.017094,3.719264,3.293330,1.796335,1.107691,0.617582,1.100732,0.800732,0.749987,3.305857,3.300363,0.797948,4.925840,4.935220,0.004274
35.200057,1,0.000000,0.197138,0.144438,0.000000,0.000000,0.178595,0.280092,0.535800,0.000183,0.000672,0.003114,0.016606,3.703488,3.293330,1.798289,1.101464,0.616849,1.101464,0.799633,0.749181,3.304942,3.300363,0.797948,4.927180,4.939240,0.004274
35.400059,1,0.000000,0.199090,0.147365,0.000000,0.000000,0.179571,0.281068,0.535800,0.000183,0.000549,0.003297,0.016484,3.698848,3.301682,1.796824,1.101830,0.616483,1.104394,0.799267,0.749450,3.303110,3.299447,0.797948,4.927180,4.937900,0.004274
35.600056,1,0.000000,0.193234,0.146390,0.000000,0.000000,0.176643,0.280092,0.535800,0.000061,0.001038,0.003297,0.016484,3.701632,3.307249,1.798289,1.107691,0.615018,1.100732,0.800365,0.749718,3.305857,3.300363,0.798241,4.924500,4.935220,0.004274
35.800059,1,0.000000,0.194210,0.145414,0.000000,0.000000,0.199090,0.281068,0.544730,0.000305,0.000549,0.003236,0.016606,3.700704,3.301682,1.798777,1.104394,0.608424,1.101098,0.802930,0.749181,3.305857,3.300363,0.797655,4.925840,4.939240,0.004274
36.000058,1,0.000000,0.196162,0.144438,0.000000,0.000000,0.178595,0.282044,0.544730,0.000183,0.000672,0.003480,0.016239,3.704416,3.293330,1.797800,1.107691,0.617216,1.104028,0.799633,0.749718,3.304942,3.299447,0.797948,4.921820,4.937900,0.004274
36.200057,1,0.000000,0.197138,0.148341,0.000000,0.000000,0.200066,0.281068,0.535800,0.000061,0.000672,0.003297,0.016484,3.699776,3.297970,1.797800,1.104394,0.616483,1.102929,0.799267,0.749450,3.304942,3.299447,0.797948,4.924500,4.935220,0.004274
36.400059,1,0.000000,0.193234,0.148341,0.000000,0.000000,0.179571,0.279116,0.535800,0.000061,0.000672,0.003297,0.016484,3.704416,3.293330,1.799266,1.107691,0.615384,1.104761,0.800732,0.749718,3.305857,3.300363,0.798241,4.924500,4.937900,0.004274
36.600059,1,0.000000,0.211777,0.147365,0.000000,0.000000,0.177619,0.280092,0.535800,0.000305,0.000672,0.003419,0.016728,3.699776,3.303538,1.797800,1.105860,0.616483,1.100732,0.802930,0.749450,3.305857,3.300363,0.797362,4.919140,4.929860,0.004274
36.800056,1,0.000000,0.194210,0.145414,0.000000,0.000000,0.178595,0.281068,0.535800,0.000244,0.000672,0.003236,0.016484,3.699776,3.318385,1.797800,1.101830,0.604761,1.102929,0.801831,0.749987,3.304942,3.299447,0.797948,4.925840,4.939240,0.004274
37.000059,1,0.000000,0.198114,0.144438,0.000000,0.000000,0.178595,0.278140,0.544730,0.000244,0.000672,0.003297,0.016728,3.719264,3.311889,1.797312,1.101464,0.615750,1.104761,0.800732,0.749181,3.305857,3.300363,0.797655,4.925840,4.939240,0.004274
37.200055,1,0.000000,0.198114,0.144438,0.000000,0.000000,0.178595,0.279116,0.535800,0.000305,0.000549,0.003297,0.017094,3.704416,3.301682,1.797800,1.101464,0.616117,1.101098,0.801464,0.749987,3.305857,3.299447,0.797948,4.925840,4.935220,0.004274
37.400060,1,0.000000,0.195186,0.143462,0.000000,0.000000,0.177619,0.279116,0.535800,0.000183,0.000672,0.003297,0.016484,3.700704,3.301682,1.795847,1.107691,0.615750,1.102929,0.800732,0.748913,3.304026,3.302194,0.798241,4.925840,4.929860,0.004274
37.600059,1,0.000000,0.195186,0.143462,0.000000,0.000000,0.190306,0.282044,0.535800,0.000183,0.000427,0.003297,0.016484,3.704416,3.325809,1.795847,1.106226,0.616483,1.100732,0.801098,0.749181,3.303110,3.299447,0.797948,4.924500,4.929860,0.004274
37.800057,1,0.000000,0.198114,0.146390,0.000000,0.000000,0.177619,0.279116,0.544730,0.000183,0.000427,0.003114,0.016728,3.726687,3.295186,1.797312,1.101830,0.601465,1.102929,0.798900,0.748913,3.305857,3.300363,0.797948,4.925840,4.936560,0.004274
38.000058,1,0.000000,0.196162,0.147365,0.000000,0.000000,0.179571,0.279116,0.544730,0.000183,0.000427,0.003114,0.016606,3.719264,3.301682,1.797800,1.104394,0.615750,1.100732,0.799633,0.749987,3.304942,3.300363,0.797948,4.925840,4.937900,0.004274
38.200055,1,0.000976,0.196162,0.146390,0.000000,0.000000,0.179571,0.278140,0.535800,0.000488,0.000427,0.003236,0.016606,3.700704,3.293330,1.798289,1.101464,0.616483,1.100732,0.800732,0.749450,3.305857,3.299447,0.797948,4.925840,4.933880,0.003419
38.400061,1,0.000000,0.194210,0.146390,0.000000,0.000000,0.179571,0.280092,0.535800,0.000061,0.000672,0.003236,0.016606,3.713696,3.311889,1.795847,1.104394,0.615018,1.100732,0.800732,0.749987,3.303110,3.299447,0.797948,4.925840,4.939240,0.004274
38.600061,1,0.000000,0.196162,0.145414,0.000000,0.000000,0.179571,0.279116,0.535800,0.000244,0.000549,0.003297,0.016484,3.715552,3.307249,1.796824,1.102929,0.616483,1.104394,0.801831,0.748913,3.304942,3.299447,0.797948,4.924500,4.939240,0.004274
38.800057,1,0.000000,0.198114,0.145414,0.000000,0.000000,0.177619,0.282044,0.544730,0.000244,0.000672,0.003419,0.016484,3.699776,3.301682,1.796824,1.109156,0.603296,1.104761,0.800732,0.748913,3.305857,3.299447,0.798241,4.924500,4.939240,0.004274
39.000059,1,0.000000,0.198114,0.144438,0.000000,0.000000,0.179571,0.278140,0.535800,0.000305,0.000549,0.003358,0.016484,3.704416,3.357359,1.796824,1.107691,0.617216,1.100365,0.800732,0.749718,3.305857,3.300363,0.797948,4.928520,4.935220,0.004274
39.200056,1,0.000000,0.202993,0.146390,0.000000,0.000000,0.178595,0.280092,0.535800,0.000305,0.000672,0.003297,0.016728,3.719264,3.299826,1.797800,1.104761,0.616849,1.100732,0.798900,0.749987,3.303110,3.299447,0.797948,4.924500,4.935220,0.004274
39.400061,1,0.000000,0.194210,0.147365,0.000000,0.000000,0.178595,0.280092,0.544730,0.000244,0.000549,0.003297,0.016606,3.696064,3.293330,1.798289,1.103296,0.615018,1.104761,0.799633,0.748913,3.304942,3.300363,0.797948,4.921820,4.927180,0.004274
39.600060,1,0.000976,0.197138,0.145414,0.000000,0.000000,0.177619,0.280092,0.535800,0.000061,0.000427,0.003297,0.016850,3.719264,3.293330,1.797312,1.109156,0.614651,1.104394,0.799633,0.749987,3.304942,3.300363,0.798241,4.919140,4.935220,0.004274
39.800057,1,0.000000,0.196162,0.145414,0.000000,0.000000,0.179571,0.279116,0.544730,0.000061,0.000427,0.003297,0.016484,3.719264,3.298898,1.797312,1.101464,0.600366,1.102929,0.800732,0.748913,3.304942,3.299447,0.798241,4.924500,4.935220,0.003419
40.000059,1,0.000000,0.197138,0.145414,0.000000,0.000000,0.178595,0.283020,0.544730,0.000305,0.000549,0.003297,0.016728,3.710912,3.301682,1.797312,1.103296,0.616483,1.102929,0.799267,0.749718,3.303110,3.299447,0.798241,4.923160,4.935220,0.004274
40.200055,1,0.000000,0.196162,0.144438,0.000000,0.000000,0.188355,0.280092,0.544730,0.000061,0.000427,0.003236,0.016606,3.703488,3.292402,1.798289,1.101830,0.615750,1.102929,0.800732,0.749987,3.304942,3.300363,0.797948,4.925840,4.936560,0.004274
40.400059,1,0.000000,0.202017,0.147365,0.000000,0.000000,0.179571,0.281068,0.535800,0.000244,0.000672,0.003297,0.016484,3.704416,3.299826,1.797312,1.107691,0.615750,1.102929,0.800732,0.748913,3.304942,3.299447,0.797948,4.924500,4.935220,0.004274
40.600060,1,0.000000,0.198114,0.142486,0.000000,0.000000,0.179571,0.280092,0.544730,0.000183,0.000427,0.003236,0.016484,3.696064,3.295186,1.798289,1.109156,0.616483,1.101098,0.800732,0.749987,3.304942,3.301279,0.798241,4.919140,4.935220,0.004274
40.800056,1,0.000000,0.197138,0.148341,0.000000,0.000000,0.178595,0.281068,0.535800,0.000183,0.000672,0.003297,0.016850,3.710912,3.295186,1.798289,1.107691,0.604029,1.100732,0.800732,0.748913,3.304026,3.300363,0.797948,4.927180,4.936560,0.004274
41.000057,1,0.000000,0.196162,0.145414,0.000000,0.000000,0.191282,0.279116,0.535800,0.000183,0.000672,0.003175,0.016728,3.715552,3.325809,1.796824,1.103296,0.616483,1.099999,0.800732,0.749181,3.303110,3.299447,0.797948,4.925840,4.939240,0.003419
41.200059,1,0.001952,0.195186,0.145414,0.000000,0.000000,0.179571,0.281068,0.526870,0.000305,0.000549,0.003236,0.016606,3.711840,3.295186,1.797312,1.105494,0.614285,1.101464,0.800365,0.749718,3.305857,3.299447,0.798241,4.919140,4.937900,0.004274
41.400060,1,0.000976,0.195186,0.146390,0.000000,0.000000,0.189330,0.281068,0.535800,0.000305,0.000672,0.003236,0.015995,3.710912,3.299826,1.796824,1.101830,0.616117,1.104761,0.799633,0.749987,3.305857,3.302194,0.797655,4.924500,4.939240,0.004274
41.600059,1,0.000000,0.195186,0.147365,0.000000,0.000000,0.180547,0.280092,0.535800,0.000061,0.000672,0.003114,0.016728,3.711840,3.357359,1.796335,1.104761,0.616117,1.104028,0.801831,0.749987,3.305857,3.300363,0.798241,4.925840,4.939240,0.003419
41.800056,1,0.000000,0.204945,0.147365,0.000000,0.000000,0.178595,0.281068,0.535800,0.000183,0.000672,0.003175,0.016239,3.715552,3.299826,1.797312,1.104761,0.604029,1.104761,0.798900,0.749450,3.305857,3.299447,0.797948,4.925840,4.936560,0.004274
42.000057,1,0.000000,0.197138,0.144438,0.000000,0.000000,0.176643,0.281068,0.535800,0.000244,0.000549,0.003175,0.016484,3.711840,3.299826,1.796824,1.102563,0.615750,1.102929,0.798900,0.748913,3.304026,3.300363,0.797655,4.923160,4.935220,0.004274
42.200059,1,0.000000,0.195186,0.144438,0.000000,0.000000,0.178595,0.281068,0.535800,0.000183,0.000672,0.003114,0.016606,3.700704,3.293330,1.797312,1.101464,0.615750,1.102197,0.799633,0.749718,3.305857,3.299447,0.797948,4.925840,4.932540,0.004274
42.400059,1,0.000000,0.199090,0.144438,0.000000,0.000000,0.179571,0.280092,0.535800,0.000244,0.000549,0.003419,0.016361,3.696064,3.295186,1.798289,1.102563,0.616483,1.099999,0.801464,0.748913,3.303110,3.299447,0.798241,4.924500,4.935220,0.004274
42.600057,1,0.000000,0.194210,0.144438,0.000000,0.000000,0.176643,0.279116,0.544730,0.000183,0.000427,0.003297,0.016484,3.711840,3.355503,1.797312,1.101830,0.615384,1.102929,0.800732,0.749718,3.305857,3.299447,0.797948,4.925840,4.935220,0.004274
42.800056,1,0.000000,0.196162,0.146390,0.000000,0.000000,0.180547,0.281068,0.535800,0.000183,0.001038,0.003419,0.017094,3.701632,3.299826,1.796824,1.107691,0.607325,1.100732,0.800732,0.749450,3.304942,3.300363,0.797362,4.925840,4.939240,0.004274
43.000057,1,0.000000,0.202993,0.145414,0.000000,0.000000,0.179571,0.280092,0.535800,0.000244,0.000672,0.003297,0.016239,3.711840,3.295186,1.798289,1.101830,0.616483,1.104761,0.801831,0.749718,3.305857,3.300363,0.798241,4.924500,4.935220,0.004274
43.200059,1,0.000000,0.197138,0.145414,0.000000,0.000000,0.179571,0.280092,0.535800,0.000244,0.000549,0.003297,0.016484,3.697920,3.293330,1.797800,1.107691,0.616483,1.101098,0.801464,0.749987,3.305857,3.302194,0.797655,4.924500,4.935220,0.004274
43.400060,1,0.000000,0.197138,0.145414,0.000000,0.000000,0.179571,0.281068,0.535800,0.000305,0.000672,0.003236,0.016728,3.698848,3.293330,1.796824,1.107691,0.615750,1.104394,0.801464,0.749181,3.303110,3.299447,0.797655,4.924500,4.939240,0.004274
43.600057,1,0.000000,0.256670,0.146390,0.000000,0.000000,0.190306,0.281068,0.544730,0.000183,0.000672,0.003297,0.016606,3.700704,3.291474,1.796335,1.102929,0.615384,1.101464,0.799633,0.749987,3.303110,3.299447,0.797948,4.925840,4.935220,0.004274
43.800055,1,0.000000,0.197138,0.145414,0.000000,0.000000,0.178595,0.280092,0.544730,0.000183,0.000549,0.003236,0.017094,3.719264,3.298898,1.795847,1.105494,0.605860,1.104394,0.800732,0.748644,3.305857,3.299447,0.797948,4.925840,4.936560,0.004274
44.000057,1,0.000000,0.197138,0.146390,0.000000,0.000000,0.178595,0.280092,0.535800,0.000061,0.000427,0.003114,0.016239,3.711840,3.313745,1.796824,1.104761,0.615750,1.104028,0.800365,0.749450,3.303110,3.299447,0.797948,4.924500,4.936560,0.004274
44.200058,1,0.000000,0.198114,0.146390,0.000000,0.000000,0.178595,0.281068,0.535800,0.000305,0.000672,0.003175,0.016606,3.711840,3.291474,1.796824,1.107691,0.615384,1.101098,0.799633,0.749718,3.304942,3.302194,0.797948,4.924500,4.936560,0.004274
44.400058,1,0.000000,0.196162,0.148341,0.000000,0.000000,0.179571,0.281068,0.544730,0.000183,0.000549,0.003114,0.016484,3.696064,3.293330,1.796824,1.105494,0.616483,1.102929,0.799633,0.749181,3.303110,3.302194,0.798241,4.919140,4.935220,0.004274
44.600058,1,0.000000,0.196162,0.147365,0.000000,0.000000,0.178595,0.279116,0.544730,0.000977,0.000672,0.003114,0.016606,3.710912,3.327664,1.796824,1.102197,0.615384,1.101098,0.800732,0.749181,3.304026,3.299447,0.797948,4.925840,4.935220,0.004274
44.800055,1,0.000000,0.194210,0.146390,0.000000,0.000000,0.191282,0.281068,0.535800,0.000183,0.000549,0.003419,0.015995,3.697920,3.293330,1.797312,1.104028,0.600732,1.102929,0.801098,0.749181,3.305857,3.300363,0.797655,4.924500,4.937900,0.004274
45.000056,1,0.000000,0.197138,0.147365,0.000000,0.000000,0.178595,0.279116,0.535800,0.000183,0.000427,0.003297,0.016484,3.703488,3.293330,1.798289,1.104761,0.610622,1.104761,0.800732,0.749718,3.304942,3.299447,0.797948,4.927180,4.935220,0.003419
45.200058,1,0.000000,0.197138,0.146390,0.000000,0.000000,0.179571,0.281068,0.526870,0.000244,0.000549,0.003419,0.016606,3.700704,3.298898,1.796824,1.104394,0.616483,1.104394,0.801098,0.749987,3.304942,3.299447,0.797948,4.925840,4.936560,0.004274
45.400057,1,0.000000,0.197138,0.148341,0.000000,0.000000,0.178595,0.279116,0.544730,0.000183,0.000672,0.003297,0.016361,3.700704,3.311889,1.796824,1.103296,0.615750,1.104761,0.798900,0.748644,3.305857,3.300363,0.798241,4.919140,4.929860,0.004274
45.600057,1,0.000000,0.197138,0.146390,0.000000,0.000000,0.179571,0.280092,0.535800,0.000183,0.000672,0.003236,0.016239,3.711840,3.301682,1.796824,1.107691,0.615750,1.104761,0.799633,0.749987,3.305857,3.299447,0.797948,4.924500,4.940580,0.004274
45.800058,1,0.000000,0.194210,0.145414,0.000000,0.000000,0.179571,0.280092,0.535800,0.000061,0.000427,0.003175,0.016606,3.688641,3.291474,1.796824,1.101464,0.600366,1.104761,0.799633,0.749181,3.305857,3.300363,0.798241,4.924500,4.936560,0.004274
46.000057,1,0.000000,0.198114,0.143462,0.000000,0.000000,0.176643,0.279116,0.535800,0.000244,0.000549,0.003297,0.016606,3.719264,3.295186,1.796824,1.104761,0.615750,1.104028,0.799633,0.749987,3.303110,3.302194,0.797948,4.924500,4.935220,0.004274
46.200058,1,0.000000,0.196162,0.146390,0.000000,0.000000,0.176643,0.280092,0.535800,0.000305,0.000549,0.003175,0.015995,3.715552,3.294258,1.797312,1.106226,0.616483,1.100732,0.799633,0.749718,3.304942,3.299447,0.797948,4.927180,4.935220,0.004274
46.400058,1,0.000000,0.204945,0.145414,0.000000,0.000000,0.178595,0.278140,0.535800,0.000183,0.000427,0.003114,0.016484,3.710912,3.357359,1.796335,1.103296,0.616483,1.104028,0.800365,0.749987,3.306773,3.300363,0.797948,4.925840,4.939240,0.004274
46.600059,1,0.000000,0.198114,0.145414,0.000000,0.000000,0.179571,0.282044,0.544730,0.000305,0.000672,0.003297,0.016850,3.711840,3.295186,1.797312,1.104761,0.613919,1.102563,0.799267,0.749718,3.305857,3.300363,0.797948,4.921820,4.932540,0.003419
46.800058,1,0.000000,0.198114,0.146390,0.000000,0.000000,0.178595,0.281068,0.535800,0.000183,0.000672,0.003358,0.016606,3.711840,3.301682,1.796824,1.104761,0.602197,1.100732,0.800365,0.749987,3.305857,3.299447,0.797655,4.927180,4.935220,0.004274
47.000057,1,0.000000,0.199090,0.145414,0.000000,0.000000,0.179571,0.279116,0.535800,0.000305,0.000549,0.003358,0.016239,3.713696,3.327664,1.797312,1.110622,0.615384,1.100732,0.800732,0.749987,3.304942,3.300363,0.797948,4.925840,4.929860,0.004274
47.200060,1,0.000000,0.206897,0.144438,0.000000,0.000000,0.179571,0.280092,0.535800,0.000061,0.000672,0.003297,0.016484,3.711840,3.299826,1.796824,1.101830,0.616483,1.104761,0.800732,0.749987,3.304026,3.299447,0.797948,4.925840,4.935220,0.004274
47.400057,1,0.000000,0.195186,0.143462,0.000000,0.000000,0.191282,0.281068,0.535800,0.000244,0.000549,0.003297,0.016484,3.703488,3.301682,1.797800,1.106226,0.615750,1.104028,0.799267,0.749718,3.304942,3.299447,0.797948,4.925840,4.935220,0.004274
47.600058,1,0.000000,0.198114,0.149317,0.000000,0.000000,0.178595,0.280092,0.544730,0.000183,0.000427,0.003114,0.016484,3.719264,3.307249,1.797800,1.102197,0.615750,1.100732,0.800732,0.749181,3.304942,3.300363,0.797948,4.925840,4.939240,0.003419
47.800058,1,0.000000,0.202017,0.144438,0.000000,0.000000,0.179571,0.277164,0.535800,0.000061,0.000672,0.003236,0.016850,3.704416,3.301682,1.798289,1.101464,0.605128,1.104028,0.800732,0.749450,3.304942,3.300363,0.797948,4.924500,4.935220,0.004274
48.000056,1,0.000000,0.207873,0.145414,0.000000,0.000000,0.178595,0.280092,0.544730,0.000183,0.000427,0.003175,0.016606,3.704416,3.298898,1.796824,1.103296,0.616849,1.105127,0.799633,0.749181,3.304942,3.300363,0.797948,4.925840,4.936560,0.004274
48.200057,1,0.000000,0.199090,0.146390,0.000000,0.000000,0.178595,0.280092,0.544730,0.000244,0.000549,0.003297,0.016606,3.703488,3.295186,1.798289,1.109156,0.615750,1.104761,0.800732,0.749181,3.304942,3.300363,0.797948,4.925840,4.936560,0.004274
48.400057,1,0.000000,0.198114,0.145414,0.000000,0.000000,0.178595,0.279116,0.535800,0.000305,0.000672,0.003297,0.016606,3.711840,3.293330,1.796335,1.108424,0.613552,1.104761,0.799633,0.749987,3.304026,3.300363,0.797948,4.925840,4.935220,0.004274
48.600059,1,0.000976,0.196162,0.146390,0.000000,0.000000,0.179571,0.281068,0.535800,0.000061,0.000427,0.003419,0.016606,3.710912,3.297042,1.796824,1.104761,0.615750,1.104028,0.800732,0.749718,3.306773,3.299447,0.798241,4.924500,4.936560,0.004274
48.800058,1,0.000000,0.197138,0.146390,0.000000,0.000000,0.191282,0.281068,0.535800,0.000305,0.000549,0.003297,0.015995,3.703488,3.303538,1.798289,1.106226,0.602564,1.104394,0.799267,0.749718,3.305857,3.299447,0.797948,4.927180,4.935220,0.004274
49.000057,1,0.000000,0.202993,0.145414,0.000000,0.000000,0.178595,0.279116,0.535800,0.000122,0.000549,0.003114,0.015995,3.711840,3.327664,1.795847,1.107691,0.612454,1.104394,0.799633,0.749987,3.304942,3.299447,0.797948,4.925840,4.936560,0.004274
49.200057,1,0.000000,0.197138,0.146390,0.000000,0.000000,0.179571,0.281068,0.544730,0.000122,0.000549,0.003419,0.016484,3.711840,3.292402,1.796824,1.107691,0.615018,1.105127,0.799633,0.748913,3.304942,3.300363,0.797948,4.924500,4.929860,0.004274
49.400060,1,0.000000,0.198114,0.144438,0.000000,0.000000,0.179571,0.279116,0.535800,0.000183,0.000427,0.003236,0.016484,3.704416,3.293330,1.798289,1.102197,0.616117,1.104394,0.801831,0.749450,3.304026,3.299447,0.797948,4.924500,4.936560,0.004274
49.600059,1,0.000000,0.194210,0.146390,0.000000,0.000000,0.185427,0.279116,0.535800,0.000305,0.000549,0.003236,0.016484,3.700704,3.301682,1.796824,1.107691,0.615750,1.100732,0.799633,0.749450,3.305857,3.300363,0.797948,4.925840,4.939240,0.003419
49.800059,1,0.000000,0.196162,0.143462,0.000000,0.000000,0.178595,0.278140,0.535800,0.000183,0.000672,0.003297,0.016606,3.711840,3.289618,1.797312,1.104394,0.604029,1.104761,0.800365,0.749987,3.305857,3.300363,0.797655,4.924500,4.935220,0.004274
50.000055,1,0.000000,0.198114,0.146390,0.000000,0.000000,0.185427,0.278140,0.535800,0.000122,0.000672,0.003114,0.016484,3.711840,3.295186,1.797312,1.107691,0.615750,1.104028,0.803296,0.749450,3.305857,3.300363,0.798241,4.924500,4.935220,0.004274
50.200057,1,0.000000,0.194210,0.148341,0.000000,0.000000,0.176643,0.281068,0.535800,0.000244,0.000672,0.003297,0.016361,3.701632,3.301682,1.796824,1.101830,0.616483,1.100732,0.800732,0.749987,3.305857,3.302194,0.798241,4.924500,4.935220,0.004274
50.400060,1,0.000000,0.196162,0.146390,0.000000,0.000000,0.179571,0.281068,0.535800,0.000305,0.000549,0.003297,0.016606,3.700704,3.295186,1.796824,1.101830,0.615750,1.101098,0.800732,0.750256,3.305857,3.299447,0.797362,4.925840,4.927180,0.004274
50.600057,1,0.000000,0.195186,0.146390,0.000000,0.000000,0.178595,0.280092,0.544730,0.000122,0.000549,0.003419,0.016484,3.711840,3.301682,1.797800,1.109156,0.616483,1.102929,0.799267,0.749450,3.304942,3.299447,0.797948,4.925840,4.927180,0.004274
50.800057,1,0.000000,0.199090,0.146390,0.000000,0.000000,0.194210,0.280092,0.535800,0.000305,0.000672,0.003297,0.016606,3.699776,3.301682,1.798777,1.104394,0.600366,1.104394,0.800732,0.749450,3.304942,3.299447,0.797948,4.925840,4.935220,0.004274
51.000055,1,0.000000,0.198114,0.144438,0.000000,0.000000,0.178595,0.279116,0.535800,0.000183,0.000672,0.003175,0.017582,3.703488,3.293330,1.797312,1.104761,0.615750,1.104394,0.801831,0.749987,3.307689,3.300363,0.797948,4.928520,4.935220,0.004274
51.200056,1,0.000000,0.200066,0.146390,0.000000,0.000000,0.179571,0.281068,0.535800,0.000061,0.000672,0.003297,0.016484,3.711840,3.291474,1.796824,1.101464,0.616483,1.102197,0.799633,0.748913,3.304942,3.299447,0.797362,4.924500,4.929860,0.004274
51.400059,1,0.000000,0.199090,0.146390,0.000000,0.000000,0.179571,0.279116,0.544730,0.000183,0.000427,0.003297,0.016484,3.710912,3.295186,1.797312,1.102197,0.616483,1.102929,0.799633,0.748913,3.304026,3.300363,0.797948,4.925840,4.935220,0.004274
51.600058,1,0.000000,0.202993,0.144438,0.000000,0.000000,0.179571,0.277164,0.544730,0.000305,0.000549,0.003236,0.016239,3.704416,3.293330,1.796824,1.102563,0.615750,1.100732,0.800365,0.749181,3.305857,3.300363,0.798241,4.924500,4.939240,0.003419
51.800057,1,0.000000,0.199090,0.145414,0.000000,0.000000,0.179571,0.279116,0.544730,0.000061,0.000672,0.003297,0.016606,3.710912,3.307249,1.795847,1.106226,0.600732,1.101464,0.800732,0.748913,3.305857,3.299447,0.798241,4.924500,4.929860,0.004274
52.000056,1,0.000000,0.197138,0.145414,0.000000,0.000000,0.179571,0.280092,0.535800,0.000305,0.000672,0.003236,0.016484,3.704416,3.301682,1.795847,1.107691,0.616117,1.104761,0.799633,0.749987,3.305857,3.299447,0.797948,4.925840,4.939240,0.003419
52.200059,1,0.000000,0.193234,0.143462,0.000000,0.000000,0.189330,0.281068,0.544730,0.000061,0.000427,0.003297,0.016484,3.711840,3.357359,1.796335,1.107691,0.615750,1.104394,0.800732,0.748913,3.304942,3.300363,0.797948,4.925840,4.935220,0.004274
52.400059,1,0.000000,0.203969,0.148341,0.000000,0.000000,0.178595,0.279116,0.544730,0.000183,0.000672,0.003358,0.017094,3.696993,3.357359,1.796824,1.102929,0.616849,1.104028,0.799633,0.749987,3.305857,3.300363,0.797948,4.925840,4.936560,0.004274
52.600057,1,0.000000,0.196162,0.148341,0.000000,0.000000,0.179571,0.277164,0.535800,0.000183,0.000427,0.003236,0.016484,3.719264,3.298898,1.797312,1.106226,0.614651,1.104761,0.802930,0.749718,3.304942,3.300363,0.797948,4.925840,4.935220,0.004274
52.800057,1,0.000000,0.197138,0.146390,0.000000,0.000000,0.178595,0.280092,0.544730,0.000061,0.000427,0.003419,0.016606,3.704416,3.292402,1.797800,1.101830,0.606959,1.100732,0.800732,0.749181,3.305857,3.299447,0.798241,4.924500,4.935220,0.003419
53.000056,1,0.000000,0.199090,0.146390,0.000000,0.000000,0.179571,0.280092,0.544730,0.000183,0.000672,0.003236,0.016484,3.704416,3.293330,1.796824,1.102563,0.615018,1.104394,0.800732,0.749450,3.305857,3.300363,0.797948,4.928520,4.935220,0.004274
53.200055,1,0.000000,0.201042,0.145414,0.000000,0.000000,0.179571,0.280092,0.535800,0.000244,0.000549,0.003236,0.016484,3.699776,3.297970,1.798289,1.101830,0.613552,1.104761,0.800732,0.749181,3.303110,3.300363,0.798241,4.919140,4.935220,0.004274
53.400061,1,0.000000,0.197138,0.146390,0.000000,0.000000,0.190306,0.281068,0.535800,0.000183,0.000672,0.003236,0.016728,3.704416,3.301682,1.798289,1.101830,0.615750,1.104761,0.801098,0.748913,3.305857,3.299447,0.797948,4.925840,4.940580,0.004274
53.600058,1,0.000000,0.194210,0.146390,0.000000,0.000000,0.179571,0.278140,0.544730,0.000305,0.000549,0.003297,0.016484,3.711840,3.298898,1.798289,1.101464,0.615018,1.104394,0.800732,0.749718,3.303110,3.300363,0.797655,4.924500,4.939240,0.004274
53.800057,1,0.000000,0.205921,0.147365,0.000000,0.000000,0.179571,0.280092,0.535800,0.000183,0.000672,0.003114,0.016361,3.710912,3.295186,1.797800,1.102563,0.601465,1.104761,0.800732,0.749987,3.305857,3.302194,0.798241,4.924500,4.936560,0.004274
54.000058,1,0.000976,0.196162,0.147365,0.000000,0.000000,0.178595,0.280092,0.535800,0.000305,0.000672,0.003297,0.016606,3.719264,3.301682,1.797312,1.101830,0.615384,1.103662,0.801098,0.749450,3.305857,3.302194,0.798241,4.924500,4.935220,0.004274
54.200057,1,0.000000,0.196162,0.144438,0.000000,0.000000,0.179571,0.281068,0.544730,0.000122,0.000549,0.003114,0.017582,3.699776,3.298898,1.796335,1.104761,0.616117,1.102929,0.800732,0.749987,3.305857,3.300363,0.797655,4.925840,4.939240,0.004274
54.400060,1,0.000000,0.195186,0.145414,0.000000,0.000000,0.178595,0.281068,0.535800,0.000244,0.000672,0.003236,0.016728,3.704416,3.293330,1.797312,1.101464,0.616117,1.104028,0.801831,0.749718,3.304942,3.300363,0.797362,4.925840,4.937900,0.004274
54.600056,1,0.000000,0.198114,0.145414,0.000000,0.000000,0.178595,0.280092,0.535800,0.000305,0.000672,0.003175,0.016606,3.703488,3.298898,1.797800,1.109156,0.616117,1.104028,0.800732,0.749181,3.303110,3.302194,0.798241,4.924500,4.937900,0.004274
54.800058,1,0.000000,0.196162,0.146390,0.000000,0.000000,0.190306,0.280092,0.544730,0.000122,0.000549,0.003297,0.016484,3.711840,3.292402,1.796824,1.101830,0.604029,1.106226,0.800732,0.749987,3.304942,3.300363,0.797948,4.928520,4.939240,0.003419
55.000058,1,0.000000,0.202017,0.142486,0.000000,0.000000,0.178595,0.281068,0.535800,0.000183,0.000672,0.003236,0.016484,3.719264,3.301682,1.798777,1.105860,0.615384,1.104761,0.800732,0.749181,3.306773,3.301279,0.797948,4.925840,4.936560,0.004274
55.200056,1,0.000000,0.195186,0.149317,0.000000,0.000000,0.178595,0.279116,0.535800,0.000183,0.000427,0.003236,0.016850,3.711840,3.293330,1.798289,1.101830,0.613186,1.103662,0.799633,0.749718,3.304942,3.300363,0.797948,4.925840,4.939240,0.004274
55.400060,1,0.000000,0.195186,0.144438,0.000000,0.000000,0.179571,0.279116,0.535800,0.000305,0.000672,0.003297,0.016606,3.703488,3.298898,1.796824,1.103296,0.615750,1.102929,0.800732,0.749181,3.305857,3.299447,0.797948,4.920480,4.939240,0.004274
55.600056,1,0.000000,0.198114,0.146390,0.000000,0.000000,0.179571,0.280092,0.544730,0.000061,0.000427,0.003175,0.016484,3.719264,3.291474,1.805126,1.104394,0.617948,1.100732,0.801831,0.749987,3.305857,3.300363,0.797948,4.924500,4.939240,0.004274
55.800058,1,0.000000,0.193234,0.144438,0.000000,0.000000,0.178595,0.280092,0.535800,0.000061,0.000427,0.003236,0.016728,3.710912,3.293330,1.798289,1.109156,0.604761,1.102929,0.801831,0.748913,3.304942,3.301279,0.797948,4.925840,4.935220,0.004274
56.000058,1,0.000000,0.197138,0.146390,0.000000,0.000000,0.189330,0.280092,0.526870,0.000122,0.000672,0.003358,0.016606,3.713696,3.301682,1.797312,1.104761,0.614285,1.102929,0.800732,0.749181,3.303110,3.299447,0.797948,4.925840,4.935220,0.004274
56.200056,1,0.000000,0.196162,0.143462,0.000000,0.000000,0.179571,0.278140,0.535800,0.000305,0.000672,0.003297,0.016606,3.699776,3.301682,1.797312,1.101830,0.616117,1.101098,0.799633,0.749718,3.304942,3.300363,0.797948,4.924500,4.939240,0.004274
56.400061,1,0.000000,0.204945,0.146390,0.000000,0.000000,0.179571,0.280092,0.535800,0.000122,0.000549,0.003297,0.016361,3.719264,3.293330,1.797800,1.103296,0.615750,1.104761,0.800732,0.749987,3.306773,3.301279,0.797948,4.925840,4.936560,0.004274
56.600056,1,0.000000,0.198114,0.143462,0.000000,0.000000,0.180547,0.280092,0.535800,0.000061,0.000672,0.003297,0.016606,3.699776,3.297970,1.796824,1.102197,0.615750,1.101098,0.801098,0.749987,3.305857,3.299447,0.797948,4.925840,4.929860,0.004274
56.800058,1,0.000000,0.197138,0.145414,0.000000,0.000000,0.190306,0.282044,0.535800,0.000183,0.000672,0.003419,0.016484,3.696993,3.311889,1.796824,1.107325,0.617582,1.100732,0.801464,0.749181,3.303110,3.299447,0.797948,4.925840,4.940580,0.004274
57.000058,1,0.000000,0.196162,0.145414,0.000000,0.000000,0.178595,0.279116,0.535800,0.000183,0.000672,0.003175,0.016606,3.711840,3.325809,1.796824,1.102929,0.615750,1.104761,0.800732,0.749450,3.304026,3.299447,0.797948,4.925840,4.929860,0.004274
57.200057,1,0.000000,0.195186,0.146390,0.000000,0.000000,0.180547,0.281068,0.535800,0.000183,0.000427,0.003114,0.016728,3.719264,3.295186,1.797312,1.101464,0.612820,1.100732,0.799267,0.749181,3.305857,3.302194,0.798241,4.924500,4.935220,0.004274
57.400060,1,0.000000,0.194210,0.145414,0.000000,0.000000,0.180547,0.280092,0.535800,0.000305,0.000672,0.003236,0.016484,3.711840,3.298898,1.796824,1.101464,0.615750,1.101098,0.799633,0.749718,3.305857,3.300363,0.797948,4.928520,4.941920,0.004274
57.600056,1,0.000000,0.202017,0.147365,0.000000,0.000000,0.178595,0.279116,0.535800,0.000183,0.000672,0.003175,0.016239,3.701632,3.311889,1.798289,1.103296,0.616849,1.104761,0.800365,0.749987,3.303110,3.299447,0.797948,4.924500,4.935220,0.004274
57.800058,1,0.000976,0.197138,0.145414,0.000000,0.000000,0.178595,0.279116,0.535800,0.000183,0.000672,0.003114,0.016728,3.711840,3.295186,1.796824,1.106226,0.602930,1.103296,0.800732,0.748644,3.305857,3.300363,0.798241,4.924500,4.939240,0.003419
58.000058,1,0.000000,0.201042,0.147365,0.000000,0.000000,0.178595,0.280092,0.535800,0.000183,0.000672,0.003114,0.016484,3.704416,3.307249,1.798289,1.108058,0.616117,1.104394,0.801464,0.749181,3.304942,3.299447,0.797948,4.925840,4.936560,0.004274
58.200055,1,0.000000,0.195186,0.145414,0.000000,0.000000,0.201042,0.280092,0.535800,0.000305,0.000672,0.003236,0.016484,3.703488,3.293330,1.796335,1.107691,0.615384,1.104761,0.799633,0.749450,3.304942,3.300363,0.797948,4.925840,4.935220,0.004274
58.400059,1,0.000000,0.194210,0.147365,0.000000,0.000000,0.178595,0.281068,0.535800,0.000122,0.000672,0.003419,0.017094,3.703488,3.301682,1.797312,1.107691,0.615750,1.102929,0.799633,0.748913,3.304026,3.300363,0.797948,4.925840,4.935220,0.003419
58.600059,1,0.000000,0.196162,0.148341,0.000000,0.000000,0.179571,0.280092,0.535800,0.000183,0.000427,0.003297,0.016728,3.703488,3.293330,1.797312,1.102197,0.616483,1.102929,0.799633,0.748913,3.305857,3.299447,0.797655,4.928520,4.935220,0.004274
58.800058,1,0.000000,0.198114,0.148341,0.000000,0.000000,0.176643,0.281068,0.544730,0.000305,0.000672,0.003114,0.016728,3.697920,3.295186,1.797312,1.104394,0.599999,1.104761,0.800732,0.749987,3.305857,3.300363,0.798241,4.919140,4.935220,0.004274
59.000057,1,0.000000,0.198114,0.145414,0.000000,0.000000,0.178595,0.281068,0.535800,0.000061,0.000427,0.003297,0.016484,3.704416,3.307249,1.798289,1.104394,0.615384,1.102929,0.800732,0.749450,3.305857,3.300363,0.797948,4.925840,4.939240,0.004274
59.200057,1,0.000000,0.196162,0.148341,0.000000,0.000000,0.179571,0.279116,0.535800,0.000183,0.000549,0.003175,0.016606,3.710912,3.303538,1.794870,1.105494,0.616483,1.105127,0.800732,0.749987,3.303110,3.299447,0.797948,4.925840,4.937900,0.004274
59.400060,1,0.000000,0.196162,0.145414,0.000000,0.000000,0.201042,0.281068,0.535800,0.000183,0.000672,0.003175,0.016606,3.704416,3.295186,1.796335,1.102929,0.616483,1.104761,0.800365,0.749718,3.305857,3.299447,0.798241,4.919140,4.935220,0.004274
59.600059,1,0.000000,0.195186,0.145414,0.000000,0.000000,0.177619,0.278140,0.535800,0.000183,0.000549,0.003114,0.017582,3.710912,3.312817,1.797312,1.102197,0.615750,1.101464,0.799267,0.749450,3.304942,3.301279,0.797948,4.927180,4.939240,0.004274
59.800058,1,0.000000,0.210801,0.146390,0.000000,0.000000,0.178595,0.277164,0.535800,0.000061,0.000672,0.003297,0.016484,3.704416,3.293330,1.796335,1.104028,0.603296,1.104761,0.799633,0.749181,3.304942,3.299447,0.797948,4.927180,4.933880,0.004274
60.000057,1,0.000000,0.198114,0.146390,0.000000,0.000000,0.178595,0.279116,0.526870,0.000183,0.000549,0.003297,0.016361,3.719264,3.301682,1.796824,1.107325,0.615750,1.102929,0.801098,0.749987,3.303110,3.299447,0.797948,4.925840,4.939240,0.004274
60.200055,1,0.000000,0.198114,0.146390,0.000000,0.000000,0.179571,0.280092,0.535800,0.000305,0.000549,0.003297,0.016606,3.710912,3.294258,1.797800,1.110622,0.616483,1.102929,0.800732,0.749450,3.307689,3.300363,0.797655,4.923160,4.936560,0.004274
60.400059,1,0.000000,0.197138,0.146390,0.000000,0.000000,0.177619,0.280092,0.535800,0.000122,0.000549,0.003358,0.016606,3.710912,3.298898,1.796824,1.107691,0.617582,1.101464,0.801831,0.749181,3.305857,3.300363,0.798241,4.919140,4.935220,0.003419
60.600057,1,0.000000,0.198114,0.147365,0.000000,0.000000,0.179571,0.280092,0.535800,0.000183,0.000427,0.003236,0.016484,3.711840,3.293330,1.798289,1.107691,0.615018,1.100732,0.799633,0.749718,3.303110,3.300363,0.798241,4.919140,4.935220,0.004274
60.800058,1,0.000000,0.199090,0.146390,0.000000,0.000000,0.189330,0.281068,0.535800,0.000183,0.000672,0.003297,0.016484,3.711840,3.298898,1.797800,1.107691,0.603662,1.104394,0.800732,0.749450,3.304942,3.300363,0.797948,4.925840,4.929860,0.004274
61.000056,1,0.000000,0.208849,0.145414,0.000000,0.000000,0.178595,0.281068,0.535800,0.000244,0.000549,0.003358,0.016728,3.711840,3.301682,1.798289,1.108058,0.615750,1.102929,0.799633,0.749450,3.305857,3.299447,0.797948,4.925840,4.935220,0.004274
61.200055,1,0.000000,0.194210,0.146390,0.000000,0.000000,0.178595,0.281068,0.544730,0.000183,0.000672,0.003175,0.016361,3.696064,3.301682,1.797312,1.108424,0.616483,1.102197,0.798900,0.749450,3.305857,3.300363,0.797948,4.919140,4.936560,0.004274
61.400060,1,0.000000,0.197138,0.145414,0.000000,0.000000,0.179571,0.281068,0.535800,0.000244,0.000549,0.003236,0.016606,3.704416,3.299826,1.796824,1.109156,0.616483,1.100732,0.800732,0.749718,3.304942,3.300363,0.797948,4.925840,4.935220,0.004274
61.600058,1,0.000000,0.195186,0.144438,0.000000,0.000000,0.178595,0.277164,0.535800,0.000183,0.000672,0.003175,0.016484,3.711840,3.307249,1.796824,1.101830,0.617216,1.100732,0.800732,0.749181,3.304026,3.299447,0.797655,4.925840,4.935220,0.004274
61.800057,1,0.000976,0.197138,0.146390,0.000000,0.000000,0.179571,0.279116,0.544730,0.000183,0.000672,0.003297,0.016361,3.710912,3.313745,1.796824,1.104394,0.606227,1.104028,0.800732,0.748913,3.304942,3.299447,0.797948,4.923160,4.939240,0.003419
62.000057,1,0.000976,0.195186,0.146390,0.000000,0.000000,0.191282,0.278140,0.526870,0.000061,0.000427,0.003358,0.016484,3.704416,3.307249,1.798289,1.108424,0.616849,1.104761,0.800365,0.748913,3.306773,3.302194,0.797948,4.925840,4.939240,0.004274
62.200057,1,0.000000,0.195186,0.146390,0.000000,0.000000,0.178595,0.281068,0.535800,0.000183,0.000672,0.003236,0.016606,3.719264,3.291474,1.797312,1.101830,0.616483,1.104761,0.800732,0.749987,3.305857,3.300363,0.797655,4.924500,4.936560,0.004274
62.400059,1,0.000000,0.202993,0.143462,0.000000,0.000000,0.176643,0.280092,0.535800,0.000183,0.000427,0.003236,0.016728,3.711840,3.295186,1.796824,1.104761,0.616483,1.101098,0.799633,0.749181,3.305857,3.300363,0.797948,4.919140,4.932540,0.004274
62.600057,1,0.000000,0.199090,0.144438,0.000000,0.000000,0.179571,0.281068,0.535800,0.000061,0.000427,0.003297,0.016606,3.699776,3.294258,1.797312,1.104394,0.615384,1.103662,0.800732,0.749987,3.305857,3.301279,0.797655,4.924500,4.935220,0.004274
62.800057,1,0.000000,0.196162,0.146390,0.000000,0.000000,0.179571,0.280092,0.535800,0.000183,0.000427,0.003236,0.016361,3.711840,3.312817,1.796824,1.101830,0.607692,1.104761,0.800365,0.748913,3.305857,3.302194,0.797948,4.925840,4.932540,0.004274
63.000058,1,0.000000,0.196162,0.146390,0.000000,0.000000,0.179571,0.279116,0.535800,0.000183,0.000672,0.003236,0.016606,3.711840,3.292402,1.797800,1.102563,0.615750,1.101464,0.799633,0.749987,3.304942,3.301279,0.797948,4.924500,4.935220,0.003419
63.200058,1,0.000000,0.198114,0.145414,0.000000,0.000000,0.179571,0.281068,0.535800,0.000244,0.000549,0.003297,0.017582,3.719264,3.301682,1.797800,1.104761,0.616483,1.104394,0.799633,0.749987,3.304942,3.299447,0.797948,4.919140,4.936560,0.004274
63.400059,1,0.000000,0.196162,0.146390,0.000000,0.000000,0.190306,0.281068,0.544730,0.000244,0.000549,0.003297,0.016606,3.710912,3.292402,1.797312,1.101830,0.615018,1.100732,0.798900,0.749987,3.305857,3.299447,0.797655,4.928520,4.929860,0.004274
63.600058,1,0.000000,0.204945,0.146390,0.000000,0.000000,0.177619,0.281068,0.535800,0.000061,0.000672,0.003053,0.016606,3.711840,3.298898,1.797800,1.109156,0.616483,1.104028,0.800732,0.749987,3.304942,3.300363,0.797948,4.925840,4.935220,0.004274
63.800056,1,0.000000,0.198114,0.146390,0.000000,0.000000,0.177619,0.280092,0.535800,0.000183,0.000427,0.003175,0.016361,3.704416,3.294258,1.796824,1.107691,0.608058,1.102563,0.800365,0.749181,3.303110,3.301279,0.797948,4.919140,4.935220,0.004274
64.000058,1,0.000000,0.198114,0.145414,0.000000,0.000000,0.177619,0.281068,0.544730,0.000122,0.000549,0.003297,0.016606,3.711840,3.301682,1.797312,1.107691,0.615384,1.102929,0.800365,0.749181,3.304026,3.299447,0.797948,4.925840,4.929860,0.004274
64.200057,1,0.000000,0.195186,0.148341,0.000000,0.000000,0.178595,0.280092,0.535800,0.000305,0.000672,0.003297,0.017705,3.699776,3.307249,1.796824,1.103296,0.615018,1.104761,0.800732,0.749181,3.303110,3.300363,0.797655,4.924500,4.935220,0.004274
64.400058,1,0.000000,0.203969,0.146390,0.000000,0.000000,0.179571,0.281068,0.553660,0.000305,0.000672,0.003114,0.016728,3.719264,3.298898,1.796824,1.103296,0.615750,1.102929,0.800365,0.749450,3.305857,3.302194,0.797948,4.924500,4.939240,0.003419
64.600056,1,0.000000,0.195186,0.147365,0.000000,0.000000,0.190306,0.280092,0.598310,0.000183,0.000672,0.003297,0.016484,3.704416,3.298898,1.796824,1.106226,0.615750,1.100732,0.800365,0.780072,3.305857,3.300363,0.797948,4.917800,4.929860,0.004274
64.800056,1,0.000000,0.198114,0.145414,0.000000,0.000000,0.179571,0.279116,0.535800,0.000183,0.000427,0.003236,0.017582,3.696064,3.291474,1.797312,1.104761,0.604029,1.100732,0.798900,0.749987,3.303110,3.300363,0.798241,4.925840,4.935220,0.004274
65.000057,1,0.000000,0.203969,0.148341,0.000000,0.000000,0.179571,0.279116,0.535800,0.000061,0.000672,0.003297,0.016728,3.711840,3.301682,1.797312,1.104761,0.616483,1.100732,0.799633,0.749450,3.304942,3.299447,0.797948,4.925840,4.937900,0.004274
65.200058,1,0.000000,0.194210,0.146390,0.000000,0.000000,0.178595,0.281068,0.535800,0.000183,0.000672,0.003297,0.016606,3.701632,3.301682,1.796824,1.101830,0.615750,1.104394,0.802930,0.749718,3.305857,3.300363,0.797948,4.924500,4.939240,0.004274
65.400061,1,0.000000,0.198114,0.147365,0.000000,0.000000,0.179571,0.281068,0.544730,0.000183,0.000672,0.003236,0.015995,3.721120,3.298898,1.796824,1.108058,0.615018,1.104394,0.801464,0.749987,3.305857,3.302194,0.797948,4.927180,4.933880,0.004274
65.600057,1,0.000000,0.196162,0.145414,0.000000,0.000000,0.178595,0.281068,0.544730,0.000305,0.000672,0.003297,0.016484,3.719264,3.293330,1.796824,1.107691,0.616117,1.099999,0.799633,0.749987,3.305857,3.300363,0.797655,4.925840,4.937900,0.003419
65.800055,1,0.000000,0.195186,0.146390,0.000000,0.000000,0.179571,0.279116,0.535800,0.000305,0.000672,0.003175,0.016484,3.710912,3.299826,1.796824,1.101830,0.602564,1.104028,0.801831,0.749450,3.304026,3.299447,0.797655,4.925840,4.935220,0.004274
66.000057,1,0.000000,0.196162,0.148341,0.000000,0.000000,0.178595,0.280092,0.535800,0.000183,0.000672,0.003175,0.016484,3.710912,3.307249,1.796824,1.103296,0.616483,1.104394,0.800732,0.749987,3.306773,3.301279,0.798241,4.924500,4.939240,0.003419
66.200058,1,0.000000,0.204945,0.146390,0.000000,0.000000,0.177619,0.280092,0.535800,0.000183,0.000672,0.003114,0.016484,3.700704,3.310961,1.796824,1.101464,0.614285,1.104394,0.798900,0.749987,3.304026,3.299447,0.797655,4.924500,4.935220,0.004274
66.400059,1,0.000000,0.197138,0.148341,0.000000,0.000000,0.178595,0.278140,0.535800,0.000305,0.000672,0.003114,0.016117,3.699776,3.297970,1.796824,1.104761,0.615750,1.102929,0.799633,0.749450,3.304026,3.300363,0.797948,4.925840,4.935220,0.004274
66.600057,1,0.000000,0.258622,0.145414,0.000000,0.000000,0.179571,0.280092,0.535800,0.000244,0.000672,0.003419,0.016484,3.699776,3.292402,1.798777,1.101830,0.617216,1.105494,0.799633,0.749987,3.303110,3.299447,0.797948,4.919140,4.929860,0.004274
66.800058,1,0.000000,0.200066,0.147365,0.000000,0.000000,0.200066,0.280092,0.535800,0.000122,0.000549,0.003419,0.017094,3.700704,3.292402,1.796335,1.104028,0.603296,1.102197,0.799633,0.749987,3.304942,3.299447,0.797655,4.925840,4.935220,0.004274
67.000057,1,0.000000,0.196162,0.144438,0.000000,0.000000,0.179571,0.281068,0.544730,0.000061,0.000672,0.003297,0.015995,3.711840,3.325809,1.796824,1.104394,0.614651,1.102929,0.801464,0.749987,3.305857,3.300363,0.797948,4.925840,4.936560,0.004274
67.200058,1,0.000000,0.197138,0.179571,0.000000,0.000000,0.178595,0.279116,0.544730,0.000305,0.000672,0.003114,0.016361,3.711840,3.293330,1.798289,1.105127,0.616483,1.104394,0.799633,0.749450,3.304942,3.299447,0.797948,4.924500,4.939240,0.004274
67.400057,1,0.000000,0.195186,0.146390,0.000000,0.000000,0.176643,0.280092,0.535800,0.000061,0.000672,0.003358,0.016484,3.704416,3.301682,1.796824,1.102197,0.615018,1.100732,0.801831,0.749718,3.304942,3.300363,0.797948,4.923160,4.939240,0.004274
67.600057,1,0.000000,0.199090,0.145414,0.000000,0.000000,0.179571,0.280092,0.535800,0.000305,0.000427,0.003297,0.016484,3.704416,3.301682,1.797312,1.106226,0.617582,1.100365,0.799633,0.749987,3.304942,3.299447,0.797948,4.925840,4.939240,0.004274
67.800058,1,0.000000,0.196162,0.146390,0.000000,0.000000,0.179571,0.281068,0.544730,0.000183,0.000672,0.003297,0.016606,3.710912,3.298898,1.797800,1.107691,0.606593,1.105127,0.799633,0.749181,3.303110,3.299447,0.797948,4.925840,4.936560,0.004274
68.000058,1,0.000000,0.197138,0.146390,0.000000,0.000000,0.201042,0.283020,0.535800,0.000183,0.000672,0.003297,0.016484,3.703488,3.299826,1.796824,1.104394,0.616483,1.101098,0.801464,0.749987,3.305857,3.300363,0.798241,4.924500,4.939240,0.004274
68.200056,1,0.000000,0.197138,0.146390,0.000000,0.000000,0.177619,0.280092,0.535800,0.000183,0.000672,0.003175,0.016606,3.710912,3.294258,1.798289,1.102197,0.616483,1.100732,0.800732,0.749987,3.305857,3.301279,0.797948,4.928520,4.936560,0.004274
68.400056,1,0.000976,0.196162,0.147365,0.000000,0.000000,0.178595,0.281068,0.544730,0.000244,0.000672,0.003297,0.016728,3.696064,3.295186,1.796824,1.110622,0.615750,1.102929,0.800732,0.749450,3.303110,3.299447,0.797655,4.924500,4.929860,0.004274
68.600061,1,0.000000,0.196162,0.144438,0.000000,0.000000,0.176643,0.280092,0.544730,0.000183,0.000672,0.003175,0.016728,3.710912,3.303538,1.796824,1.102197,0.615750,1.101464,0.799267,0.749450,3.304026,3.300363,0.798241,4.924500,4.935220,0.004274
68.800059,1,0.000000,0.199090,0.147365,0.000000,0.000000,0.178595,0.280092,0.535800,0.000183,0.000672,0.003297,0.016606,3.711840,3.297970,1.797312,1.104394,0.604029,1.104394,0.799633,0.749181,3.305857,3.299447,0.797655,4.925840,4.937900,0.004274
69.000058,1,0.001952,0.197138,0.145414,0.000000,0.000000,0.179571,0.279116,0.535800,0.000305,0.000549,0.003114,0.015995,3.710912,3.327664,1.796824,1.104761,0.616849,1.101098,0.800732,0.749987,3.305857,3.299447,0.797948,4.925840,4.935220,0.004274
69.200056,1,0.000000,0.195186,0.146390,0.000000,0.000000,0.177619,0.282044,0.535800,0.000183,0.000672,0.003236,0.016606,3.719264,3.298898,1.796824,1.107691,0.616483,1.104761,0.800732,0.749450,3.305857,3.302194,0.798241,4.924500,4.939240,0.004274
69.400057,1,0.000000,0.196162,0.144438,0.000000,0.000000,0.179571,0.279116,0.535800,0.000244,0.000672,0.003297,0.016484,3.704416,3.325809,1.796824,1.109156,0.616483,1.101098,0.800365,0.749450,3.305857,3.300363,0.797655,4.924500,4.936560,0.004274
69.600057,1,0.000000,0.209825,0.144438,0.000000,0.000000,0.178595,0.281068,0.535800,0.000061,0.000427,0.003236,0.016728,3.715552,3.291474,1.797312,1.101464,0.617216,1.104394,0.800732,0.749450,3.304942,3.299447,0.797948,4.924500,4.935220,0.004274
69.800058,1,0.000000,0.192258,0.146390,0.000000,0.000000,0.178595,0.281068,0.535800,0.000061,0.000672,0.003297,0.016484,3.715552,3.301682,1.796824,1.102563,0.603662,1.104394,0.801831,0.749450,3.304942,3.300363,0.798241,4.925840,4.932540,0.004274
70.000057,1,0.000000,0.197138,0.145414,0.000000,0.000000,0.178595,0.280092,0.535800,0.000244,0.000672,0.003114,0.017582,3.711840,3.307249,1.797800,1.106226,0.616483,1.101464,0.800732,0.749718,3.305857,3.302194,0.797655,4.924500,4.939240,0.004274
70.200056,1,0.000000,0.196162,0.146390,0.000000,0.000000,0.179571,0.279116,0.535800,0.000061,0.000427,0.003297,0.016484,3.726687,3.293330,1.798289,1.110622,0.616117,1.104761,0.800732,0.749987,3.305857,3.300363,0.797948,4.925840,4.935220,0.004274
70.400058,1,0.000000,0.198114,0.145414,0.000000,0.000000,0.178595,0.282044,0.535800,0.000183,0.000672,0.003236,0.016728,3.711840,3.292402,1.796824,1.102929,0.615750,1.104761,0.800732,0.749718,3.304942,3.299447,0.797948,4.925840,4.939240,0.004274
70.600057,1,0.000000,0.197138,0.148341,0.000000,0.000000,0.190306,0.280092,0.535800,0.000061,0.000672,0.003236,0.016850,3.711840,3.293330,1.798289,1.106226,0.614285,1.104394,0.799633,0.749450,3.304942,3.299447,0.797948,4.928520,4.937900,0.004274
70.800058,1,0.000000,0.197138,0.145414,0.000000,0.000000,0.177619,0.280092,0.535800,0.000244,0.000427,0.003114,0.016484,3.704416,3.298898,1.797800,1.101464,0.600366,1.104028,0.799633,0.749718,3.304942,3.300363,0.797948,4.928520,4.939240,0.004274
71.000055,1,0.000000,0.202993,0.145414,0.000000,0.000000,0.177619,0.279116,0.535800,0.000183,0.000672,0.003297,0.016361,3.711840,3.294258,1.797800,1.103662,0.616483,1.104761,0.800365,0.749718,3.304026,3.300363,0.797948,4.927180,4.936560,0.004274
71.200056,1,0.000000,0.195186,0.146390,0.000000,0.000000,0.178595,0.281068,0.535800,0.000183,0.000427,0.003419,0.016484,3.710912,3.301682,1.797312,1.107691,0.616483,1.105127,0.798900,0.748913,3.305857,3.299447,0.797948,4.921820,4.936560,0.004274
71.400060,1,0.000000,0.198114,0.148341,0.000000,0.000000,0.178595,0.280092,0.535800,0.000061,0.000427,0.003297,0.016484,3.711840,3.294258,1.796335,1.102929,0.615750,1.102929,0.799633,0.749450,3.304942,3.300363,0.798241,4.924500,4.935220,0.004274
71.600057,1,0.000000,0.195186,0.148341,0.000000,0.000000,0.176643,0.279116,0.535800,0.000061,0.000672,0.003297,0.016606,3.710912,3.291474,1.798289,1.107691,0.615384,1.102929,0.800732,0.749181,3.306773,3.300363,0.797948,4.924500,4.935220,0.004274
71.800058,1,0.000000,0.195186,0.145414,0.000000,0.000000,0.177619,0.281068,0.535800,0.000061,0.000672,0.003175,0.016484,3.715552,3.291474,1.796824,1.102197,0.606227,1.101098,0.801831,0.749987,3.304942,3.300363,0.797948,4.919140,4.939240,0.004274
72.000056,1,0.000000,0.199090,0.146390,0.000000,0.000000,0.188355,0.279116,0.535800,0.000305,0.000672,0.003297,0.016484,3.713696,3.301682,1.798289,1.101464,0.616117,1.102197,0.801831,0.749181,3.305857,3.300363,0.798241,4.924500,4.935220,0.004274
72.200058,1,0.000000,0.203969,0.148341,0.000000,0.000000,0.179571,0.280092,0.544730,0.000061,0.000672,0.003358,0.017094,3.704416,3.311889,1.796824,1.102929,0.615018,1.101464,0.799633,0.749450,3.304942,3.301279,0.797948,4.927180,4.936560,0.004274
72.400059,1,0.000000,0.195186,0.147365,0.000000,0.000000,0.179571,0.281068,0.535800,0.000183,0.000672,0.003236,0.016361,3.711840,3.327664,1.795847,1.105494,0.615384,1.102929,0.798900,0.749181,3.305857,3.299447,0.797948,4.925840,4.935220,0.004274
72.600058,1,0.000000,0.196162,0.145414,0.000000,0.000000,0.179571,0.281068,0.535800,0.000183,0.000427,0.003236,0.016606,3.710912,3.307249,1.797800,1.101830,0.616483,1.101098,0.802930,0.749718,3.305857,3.300363,0.797655,4.927180,4.935220,0.004274
72.800059,1,0.000000,0.197138,0.145414,0.000000,0.000000,0.179571,0.279116,0.535800,0.000061,0.000427,0.003358,0.016606,3.711840,3.298898,1.795847,1.107325,0.601831,1.104028,0.799633,0.749987,3.303110,3.299447,0.797655,4.924500,4.935220,0.004274
73.000056,1,0.000000,0.194210,0.146390,0.000000,0.000000,0.178595,0.279116,0.544730,0.000305,0.000672,0.003236,0.016606,3.711840,3.293330,1.798289,1.106226,0.613552,1.100732,0.799633,0.748913,3.305857,3.301279,0.797948,4.927180,4.939240,0.004274
73.200057,1,0.000000,0.194210,0.147365,0.000000,0.000000,0.189330,0.281068,0.544730,0.000183,0.000672,0.003114,0.016606,3.715552,3.299826,1.796824,1.107691,0.616849,1.102929,0.799633,0.749718,3.307689,3.300363,0.797948,4.928520,4.936560,0.004274
73.400061,1,0.000000,0.194210,0.146390,0.000000,0.000000,0.178595,0.279116,0.535800,0.000183,0.000549,0.003419,0.016117,3.699776,3.301682,1.796824,1.107691,0.616849,1.104394,0.800732,0.749181,3.303110,3.299447,0.797948,4.927180,4.933880,0.004274
73.600058,1,0.000000,0.204945,0.146390,0.000000,0.000000,0.181523,0.280092,0.535800,0.000244,0.000672,0.003236,0.017582,3.704416,3.293330,1.796824,1.104761,0.615750,1.101098,0.799633,0.749718,3.306773,3.299447,0.797948,4.924500,4.931200,0.004274
73.800058,1,0.000000,0.196162,0.147365,0.000000,0.000000,0.179571,0.281068,0.535800,0.000061,0.000672,0.003297,0.016239,3.701632,3.301682,1.797312,1.104761,0.606227,1.102929,0.800732,0.749450,3.305857,3.299447,0.797948,4.925840,4.937900,0.004274
74.000055,1,0.000000,0.197138,0.146390,0.000000,0.000000,0.179571,0.280092,0.535800,0.000061,0.000427,0.003358,0.016239,3.711840,3.327664,1.795847,1.101464,0.617216,1.104761,0.800732,0.749450,3.303110,3.299447,0.797948,4.919140,4.939240,0.004274
74.200058,1,0.000000,0.196162,0.148341,0.000000,0.000000,0.178595,0.279116,0.535800,0.000061,0.000427,0.003114,0.016484,3.719264,3.298898,1.797312,1.101464,0.615750,1.104761,0.800732,0.749450,3.304942,3.299447,0.797948,4.927180,4.927180,0.004274
74.400058,1,0.000000,0.199090,0.146390,0.000000,0.000000,0.177619,0.278140,0.544730,0.000183,0.000672,0.003175,0.016484,3.711840,3.301682,1.797312,1.104761,0.616483,1.100732,0.799633,0.749181,3.305857,3.299447,0.798241,4.919140,4.936560,0.004274
74.600057,1,0.000000,0.196162,0.147365,0.000000,0.000000,0.178595,0.278140,0.535800,0.000183,0.000672,0.003297,0.016484,3.715552,3.301682,1.797800,1.107691,0.616483,1.104028,0.798900,0.749987,3.305857,3.300363,0.798241,4.919140,4.935220,0.004274
74.800056,1,0.000000,0.202017,0.143462,0.000000,0.000000,0.177619,0.280092,0.535800,0.000183,0.000672,0.003297,0.016606,3.719264,3.293330,1.796824,1.108424,0.606593,1.104761,0.801464,0.749987,3.304942,3.301279,0.797948,4.923160,4.936560,0.004274
75.000058,1,0.000000,0.196162,0.146390,0.000000,0.000000,0.176643,0.280092,0.535800,0.000061,0.000427,0.003236,0.016728,3.704416,3.292402,1.796824,1.102197,0.615018,1.101098,0.800732,0.749718,3.305857,3.300363,0.797362,4.925840,4.939240,0.004274
75.200058,1,0.000000,0.198114,0.146390,0.000000,0.000000,0.177619,0.281068,0.535800,0.000244,0.000549,0.003236,0.016728,3.701632,3.299826,1.797312,1.106226,0.616483,1.105494,0.798900,0.749181,3.304942,3.300363,0.797948,4.925840,4.935220,0.004274
75.400058,1,0.000000,0.195186,0.147365,0.000000,0.000000,0.193234,0.281068,0.535800,0.000244,0.000672,0.003297,0.016606,3.711840,3.301682,1.796824,1.102929,0.615750,1.102929,0.799633,0.748644,3.304026,3.299447,0.797655,4.924500,4.937900,0.004274
75.600057,1,0.000000,0.200066,0.145414,0.000000,0.000000,0.178595,0.280092,0.535800,0.000183,0.000672,0.003114,0.016484,3.710912,3.325809,1.796824,1.107691,0.616483,1.104761,0.799633,0.749450,3.304026,3.302194,0.797655,4.925840,4.936560,0.004274
75.800057,1,0.000000,0.197138,0.148341,0.000000,0.000000,0.179571,0.280092,0.535800,0.000183,0.000427,0.003175,0.016484,3.710912,3.298898,1.794870,1.101464,0.606959,1.104761,0.800365,0.749450,3.303110,3.299447,0.797655,4.924500,4.939240,0.004274
76.000058,1,0.000000,0.200066,0.144438,0.000000,0.000000,0.179571,0.280092,0.535800,0.000061,0.000427,0.003114,0.016484,3.715552,3.307249,1.798289,1.104394,0.615750,1.100732,0.801464,0.749987,3.304942,3.299447,0.797948,4.927180,4.935220,0.004274
76.200058,1,0.000000,0.198114,0.148341,0.000000,0.000000,0.178595,0.279116,0.535800,0.000061,0.000733,0.003297,0.016606,3.699776,3.327664,1.796335,1.107691,0.615018,1.104028,0.801464,0.749718,3.304942,3.299447,0.797948,4.925840,4.929860,0.004274
76.400059,1,0.000000,0.195186,0.146390,0.000000,0.000000,0.178595,0.279116,0.544730,0.000061,0.000672,0.003297,0.016484,3.699776,3.294258,1.797800,1.101464,0.612820,1.105127,0.799633,0.749718,3.305857,3.302194,0.797948,4.924500,4.939240,0.003419
76.600056,1,0.000000,0.193234,0.146390,0.000000,0.000000,0.199090,0.282044,0.535800,0.000122,0.000672,0.003114,0.016484,3.710912,3.295186,1.796335,1.104394,0.616483,1.101464,0.799633,0.748913,3.304942,3.300363,0.797948,4.925840,4.936560,0.004274
76.800057,1,0.000000,0.198114,0.146390,0.000000,0.000000,0.178595,0.279116,0.535800,0.000183,0.000427,0.003236,0.017582,3.711840,3.301682,1.797312,1.105127,0.608791,1.104761,0.798900,0.749181,3.305857,3.299447,0.797948,4.925840,4.939240,0.004274
77.000057,1,0.000000,0.209825,0.144438,0.000000,0.000000,0.178595,0.281068,0.544730,0.000305,0.000672,0.003419,0.016850,3.696064,3.292402,1.798289,1.107691,0.615384,1.104394,0.800365,0.749450,3.305857,3.300363,0.797655,4.924500,4.939240,0.004274
77.200056,1,0.000000,0.198114,0.146390,0.000000,0.000000,0.178595,0.280092,0.535800,0.000244,0.000427,0.003297,0.016606,3.711840,3.293330,1.797312,1.104761,0.614651,1.100732,0.800365,0.748644,3.304942,3.299447,0.797948,4.928520,4.935220,0.004274
77.400059,1,0.000000,0.198114,0.145414,0.000000,0.000000,0.179571,0.280092,0.544730,0.000061,0.000672,0.003236,0.017094,3.719264,3.301682,1.797312,1.102197,0.616117,1.102929,0.799633,0.749450,3.304942,3.299447,0.797948,4.925840,4.929860,0.004274
77.600056,1,0.000000,0.196162,0.143462,0.000000,0.000000,0.179571,0.279116,0.535800,0.000244,0.000672,0.003236,0.016728,3.700704,3.298898,1.796824,1.106226,0.615750,1.105127,0.798900,0.749718,3.304942,3.300363,0.797948,4.927180,4.937900,0.004274
77.800057,1,0.000000,0.196162,0.148341,0.000000,0.000000,0.178595,0.279116,0.544730,0.000061,0.000672,0.003297,0.016606,3.711840,3.301682,1.797312,1.102563,0.606227,1.104761,0.800732,0.749450,3.304942,3.300363,0.797948,4.925840,4.939240,0.003419
78.000058,1,0.000000,0.193234,0.145414,0.000000,0.000000,0.190306,0.277164,0.535800,0.000061,0.000427,0.003297,0.016484,3.700704,3.325809,1.795847,1.107691,0.616483,1.102929,0.800732,0.749987,3.304942,3.299447,0.797948,4.919140,4.935220,0.004274
78.200057,1,0.000976,0.205921,0.146390,0.000000,0.000000,0.177619,0.279116,0.535800,0.000244,0.000672,0.003297,0.016606,3.699776,3.298898,1.797312,1.110622,0.615750,1.104761,0.801464,0.749718,3.303110,3.299447,0.797655,4.921820,4.936560,0.004274
78.400059,1,0.000000,0.198114,0.146390,0.000000,0.000000,0.178595,0.278140,0.544730,0.000061,0.000672,0.003297,0.016728,3.696993,3.293330,1.797312,1.104394,0.615384,1.104761,0.799267,0.749450,3.305857,3.299447,0.797948,4.920480,4.932540,0.003419
78.600056,1,0.000000,0.195186,0.147365,0.000000,0.000000,0.178595,0.281068,0.535800,0.000244,0.000672,0.003175,0.016728,3.704416,3.298898,1.796824,1.101830,0.615384,1.102929,0.799633,0.748644,3.305857,3.299447,0.797655,4.925840,4.936560,0.004274
78.800057,1,0.000000,0.195186,0.146390,0.000000,0.000000,0.177619,0.281068,0.535800,0.000183,0.000672,0.003175,0.016484,3.711840,3.297970,1.796824,1.107691,0.603296,1.104761,0.801464,0.749718,3.306773,3.299447,0.797655,4.927180,4.935220,0.004274
79.000059,1,0.000000,0.198114,0.148341,0.000000,0.000000,0.178595,0.280092,0.535800,0.000183,0.000672,0.003114,0.016361,3.699776,3.307249,1.796824,1.107691,0.615750,1.102929,0.800732,0.748644,3.305857,3.299447,0.797948,4.921820,4.929860,0.004274
79.200057,1,0.000000,0.196162,0.146390,0.000000,0.000000,0.190306,0.280092,0.535800,0.000061,0.000672,0.003175,0.017094,3.700704,3.313745,1.796824,1.109156,0.616117,1.100732,0.801464,0.749987,3.306773,3.301279,0.798241,4.928520,4.935220,0.004274
79.400059,1,0.000000,0.195186,0.146390,0.000000,0.000000,0.180547,0.280092,0.535800,0.000183,0.000672,0.003236,0.015995,3.711840,3.291474,1.798289,1.109889,0.616483,1.101098,0.800732,0.749181,3.304942,3.299447,0.797948,4.924500,4.933880,0.004274
79.600059,1,0.000000,0.203969,0.144438,0.000000,0.000000,0.179571,0.280092,0.535800,0.000061,0.000672,0.003236,0.016728,3.700704,3.292402,1.796824,1.102563,0.616117,1.102929,0.800732,0.749987,3.306773,3.299447,0.797948,4.927180,4.929860,0.004274
79.800056,1,0.000976,0.196162,0.147365,0.000000,0.000000,0.179571,0.279116,0.544730,0.000183,0.000672,0.003114,0.016850,3.697920,3.298898,1.797312,1.104761,0.604029,1.102197,0.800732,0.749718,3.305857,3.299447,0.797948,4.925840,4.937900,0.004274
80.000059,1,0.000000,0.196162,0.147365,0.000000,0.000000,0.179571,0.277164,0.535800,0.000305,0.000672,0.003297,0.016606,3.699776,3.299826,1.797312,1.109156,0.616117,1.102929,0.799633,0.749987,3.304942,3.300363,0.797948,4.927180,4.935220,0.004274
80.200055,1,0.000000,0.194210,0.144438,0.000000,0.000000,0.178595,0.278140,0.544730,0.000183,0.000427,0.003236,0.016484,3.697920,3.307249,1.796824,1.101830,0.615384,1.102929,0.801464,0.749718,3.304942,3.302194,0.797948,4.925840,4.935220,0.004274
80.400060,1,0.000000,0.197138,0.145414,0.000000,0.000000,0.179571,0.280092,0.535800,0.000305,0.000672,0.003236,0.016484,3.697920,3.295186,1.797312,1.102929,0.616117,1.100732,0.800732,0.749181,3.305857,3.299447,0.797948,4.925840,4.929860,0.004274
80.491646,0,0.000000,0.202993,0.149317,0.004880,0.000000,0.178595,0.283020,0.991230,0.000305,0.000427,0.003114,0.016972,3.704416,3.299826,1.797312,1.104028,0.603296,1.104394,0.800732,0.749181,3.305857,3.302194,0.798241,4.924500,4.935220,0.004274
